7
-1 300 
-1 11 307 
-1 219 228 236 
-2 84 149 
-2 8 84 149 228 
-2 88 206 313 
-2 304 310 
3
-1 60 83 
-1 300 
-2 133 191 246 298 306 311 313 
8
-1 16 
-1 237 290 300 
-1 25 67 
-1 25 
-1 282 
-2 78 155 293 310 
-2 120 180 263 
-2 292 
3
-1 82 252 
-1 163 265 284 
-2 186 261 
3
-1 39 232 253 274 278 294 296 
-1 85 274 297 308 
-2 278 296 
8
-1 96 252 
-1 16 96 184 224 257 313 
-1 297 
-1 103 
-2 184 313 
-2 48 176 303 
-2 48 173 
-2 48 
2
-1 218 309 
-2 138 212 251 256 275 
4
-1 287 305 
-1 32 221 224 292 
-2 281 
-2 280 308 
5
-1 191 289 301 
-1 222 301 303 313 
-1 313 
-1 154 299 300 309 
-1 268 301 
5
-1 20 79 
-1 75 183 194 217 222 275 279 297 313 
-1 308 
-2 301 
-2 274 275 
2
-1 190 270 272 309 
-2 291 
3
-1 19 47 115 208 227 272 274 275 297 
-1 6 19 112 190 208 275 297 310 
-1 70 279 309 
4
-1 122 309 
-2 9 147 176 194 203 275 279 297 313 
-2 18 313 
-2 187 279 
4
-1 20 212 287 
-2 65 91 92 186 194 195 200 211 216 225 258 287 302 312 
-2 194 
-2 194 247 302 
18
-1 99 194 215 268 287 313 
-1 170 171 202 284 
-1 72 156 158 168 179 260 
-1 98 153 237 280 287 303 
-1 121 206 218 242 266 303 
-1 0 72 191 194 201 202 239 268 
-1 194 225 287 313 
-1 21 99 194 200 202 313 
-1 6 72 175 242 267 271 313 
-1 16 175 224 255 271 313 
-1 194 306 311 
-1 254 287 298 311 
-2 71 114 117 229 261 
-2 37 72 118 120 150 180 194 220 251 254 261 294 299 
-2 71 85 140 194 287 
-2 46 118 120 134 181 
-2 120 181 224 292 313 
-2 206 261 287 
2
-1 136 193 200 207 271 276 304 306 307 308 309 311 312 
-2 156 195 227 228 246 264 277 296 305 311 
2
-1 299 301 308 
-2 66 185 303 313 
8
-1 150 240 245 260 276 
-1 20 199 268 287 302 304 
-1 182 313 
-1 114 186 274 294 295 313 
-1 301 302 304 309 
-2 139 261 
-2 105 
-2 54 55 125 195 229 261 
5
-1 165 215 297 
-1 11 136 200 201 225 245 277 301 313 
-2 134 195 293 311 
-2 133 197 246 255 296 
-2 123 218 249 
4
-1 111 146 171 309 312 
-2 94 271 
-2 84 249 271 
-2 188 232 279 298 313 
9
-1 150 215 268 313 
-1 71 248 312 
-1 49 
-1 231 282 304 
-1 161 
-1 174 269 304 
-1 45 60 213 244 310 
-1 313 
-2 278 311 
3
-1 309 
-1 13 81 98 182 204 239 252 268 301 305 307 308 312 313 
-2 120 246 264 296 
3
-1 245 309 
-1 87 313 
-2 157 246 
2
-1 10 144 148 189 250 307 309 312 
-2 160 168 246 264 266 267 283 308 
3
-1 143 224 292 301 
-1 143 176 232 298 313 
-1 55 66 147 
4
-1 204 277 282 306 311 
-2 162 169 247 277 302 
-2 12 96 302 
-2 311 
4
-1 190 
-1 73 295 310 
-1 238 247 
-2 247 
3
-1 247 290 308 313 
-2 33 64 232 251 
-2 33 64 97 121 179 251 304 
3
-1 85 247 252 281 307 
-1 79 102 126 176 203 233 279 298 313 
-1 279 
2
-1 200 214 234 238 284 288 294 299 307 308 309 310 312 313 
-2 236 
2
-1 26 190 214 242 249 266 270 272 
-2 26 190 214 242 249 266 270 272 
13
-1 85 
-1 55 194 287 302 303 
-1 204 298 306 307 311 
-1 46 113 247 287 304 
-1 202 287 
-1 117 167 243 297 305 
-1 310 
-2 95 123 197 247 304 
-2 304 
-2 26 118 247 304 313 
-2 299 305 309 
-2 117 
-2 78 287 290 
6
-1 71 102 
-1 87 157 
-1 152 180 199 312 
-1 301 
-2 123 212 304 
-2 235 
2
-1 25 275 277 283 286 297 309 
-2 240 301 
6
-1 62 273 297 302 313 
-1 178 277 
-2 85 260 312 
-2 305 
-2 85 223 
-2 273 
5
-1 281 300 312 
-1 211 291 296 
-1 282 
-1 223 313 
-2 85 249 310 
2
-1 107 133 211 228 245 291 295 310 
-2 88 166 191 201 203 225 236 237 245 304 306 311 313 
3
-1 59 162 186 300 301 308 
-1 249 281 290 291 312 313 
-2 30 225 301 308 
2
-1 224 263 290 300 312 313 
-2 29 240 305 
2
-1 301 
-2 46 188 269 283 312 
2
-1 158 206 208 291 
-2 158 206 208 291 
5
-1 308 310 
-2 205 262 313 
-2 185 188 279 285 287 298 313 
-2 46 168 188 199 210 241 292 295 311 
-2 39 46 54 78 89 114 144 274 313 
6
-1 14 145 248 269 302 312 
-1 22 131 271 305 309 
-1 269 
-1 179 313 
-1 287 297 
-1 259 
16
-1 126 298 313 
-1 274 279 
-1 99 122 
-1 313 
-1 81 229 313 
-1 307 
-1 1 32 224 283 287 292 
-1 313 
-1 286 
-1 95 166 170 312 
-1 263 
-1 106 263 
-1 263 
-2 36 313 
-2 36 259 313 
-2 313 
6
-1 199 310 
-2 172 
-2 88 172 190 292 297 313 
-2 172 
-2 168 
-2 129 
5
-1 278 289 
-1 307 
-2 288 
-2 175 250 268 274 288 292 
-2 286 313 
10
-1 172 202 235 237 280 308 312 
-1 168 284 302 
-2 12 209 303 
-2 205 243 
-2 243 
-2 103 168 172 297 
-2 105 
-2 11 205 283 
-2 62 158 304 
-2 1 105 110 138 158 216 313 
13
-1 150 213 291 296 310 
-1 77 255 310 
-1 126 260 312 
-1 156 273 310 312 
-1 177 231 304 
-1 53 193 305 308 
-1 229 257 289 
-1 127 181 264 282 296 313 
-1 304 310 
-1 43 302 
-1 150 212 310 
-2 193 305 
-2 150 212 220 294 306 311 312 313 
3
-1 96 275 281 288 312 313 
-2 250 292 
-2 310 
6
-1 8 284 
-1 215 259 288 
-2 64 179 290 310 
-2 33 35 64 82 140 179 312 
-2 175 286 303 313 
-2 197 295 303 
2
-1 21 66 79 176 187 272 297 298 301 307 313 
-2 272 297 
6
-1 248 
-1 262 
-1 42 
-1 301 
-1 222 274 
-2 294 305 
2
-1 30 142 302 304 312 
-2 142 304 
7
-1 44 184 
-2 175 206 
-2 206 297 
-2 172 188 295 
-2 173 232 298 
-2 308 
-2 52 
4
-1 216 
-1 31 185 204 215 230 256 312 313 
-2 17 59 175 285 310 
-2 112 313 
6
-1 300 310 
-2 229 262 271 313 
-2 237 
-2 97 244 255 271 310 
-2 254 271 
-2 271 
20
-1 279 287 
-1 222 
-1 267 279 285 
-1 82 215 283 287 
-1 279 
-1 184 267 279 285 
-1 173 295 
-1 144 
-1 63 144 155 240 
-1 168 
-2 279 287 
-2 222 
-2 267 279 285 
-2 82 215 283 287 
-2 279 
-2 184 267 279 285 
-2 173 295 
-2 144 
-2 63 144 155 240 
-2 168 
2
-1 169 265 312 
-2 246 278 
3
-1 262 309 310 
-2 50 69 244 266 292 298 313 
-2 132 
2
-1 36 162 274 302 308 
-1 302 303 
8
-1 265 
-1 221 281 312 313 
-1 21 36 122 139 227 228 239 281 287 302 
-1 221 227 302 
-1 218 249 285 298 
-1 282 306 308 311 
-1 228 248 287 292 
-2 36 313 
23
-1 83 106 263 300 
-1 87 224 245 263 
-1 74 76 312 
-1 36 131 224 249 270 271 285 294 
-1 111 238 256 299 
-1 302 
-1 36 110 164 277 283 289 
-1 12 228 232 277 287 288 302 313 
-1 122 224 303 305 
-1 193 251 
-1 51 105 157 224 229 292 
-1 148 183 200 218 
-1 306 308 311 
-1 80 165 224 236 267 
-1 149 310 
-1 149 283 292 298 
-1 172 240 282 285 303 307 
-2 305 
-2 46 191 299 
-2 55 191 229 305 
-2 31 111 256 
-2 31 68 197 219 295 
-2 254 283 287 288 302 309 
12
-1 204 305 
-1 131 204 
-1 300 312 
-1 269 
-1 30 167 
-1 216 281 308 
-1 276 
-1 276 305 
-1 190 193 294 309 310 
-1 297 
-2 31 111 112 149 256 313 
-2 133 246 251 
5
-1 210 309 
-1 158 210 217 227 
-1 15 34 72 108 129 195 211 255 278 291 311 
-2 44 301 
-2 132 261 
4
-1 13 301 
-2 26 129 255 
-2 44 137 
-2 104 296 303 313 
24
-1 20 259 
-1 109 113 145 170 202 238 269 273 276 299 306 307 308 311 
-1 157 194 202 253 
-1 212 245 275 313 
-1 59 165 313 
-1 165 228 
-1 56 124 165 302 
-1 39 165 197 219 228 236 304 313 
-1 197 219 228 236 266 313 
-1 219 228 266 313 
-1 90 219 228 244 266 
-1 38 219 228 240 257 266 306 311 313 
-1 38 228 266 311 
-1 38 257 311 
-1 113 219 228 311 313 
-1 55 195 
-1 38 113 219 228 266 311 313 
-2 178 228 313 
-2 178 313 
-2 23 178 313 
-2 23 165 178 
-2 178 228 
-2 40 100 310 
-2 266 
4
-1 183 242 272 306 307 308 311 
-1 91 242 310 
-2 28 34 238 257 295 299 
-2 308 
6
-1 301 309 
-1 23 66 310 
-1 273 300 
-1 146 163 216 
-1 113 211 238 290 291 299 309 310 
-2 68 278 
21
-1 23 58 64 70 84 88 121 129 157 162 203 228 255 271 281 295 307 309 313 
-1 58 88 89 177 255 
-1 208 230 271 295 309 
-1 13 23 35 58 115 124 129 167 203 213 235 244 245 262 
-1 170 302 304 307 
-1 303 309 311 
-1 309 312 
-1 230 260 276 312 
-2 244 303 
-2 23 299 
-2 216 219 229 273 
-2 108 130 181 246 313 
-2 27 60 111 230 256 
-2 186 235 
-2 67 237 294 312 
-2 163 216 284 
-2 161 229 255 295 
-2 18 23 
-2 18 151 190 281 292 
-2 58 70 144 167 186 281 299 306 311 
-2 141 167 184 255 293 295 
8
-1 297 301 308 
-1 169 211 278 291 302 
-1 289 290 308 
-1 34 209 233 257 298 306 310 311 313 
-1 111 256 
-1 158 186 234 265 
-2 3 234 286 
-2 304 
17
-1 181 194 240 246 278 281 289 302 305 307 312 
-2 96 167 192 202 228 237 243 250 281 312 
-2 292 304 
-2 208 271 
-2 304 
-2 302 
-2 271 303 
-2 55 
-2 185 302 
-2 165 188 208 250 292 
-2 203 250 259 302 
-2 62 172 208 303 
-2 50 92 123 195 235 246 278 280 291 296 311 
-2 174 202 246 247 278 313 
-2 183 268 279 303 
-2 147 
-2 165 188 230 250 272 279 288 304 310 
5
-1 43 136 139 164 171 200 216 233 239 307 
-2 152 171 215 280 312 
-2 38 243 244 
-2 164 215 
-2 80 267 299 305 
6
-1 12 207 240 265 312 
-1 276 
-1 24 111 159 212 230 256 
-2 234 251 294 299 305 313 
-2 67 152 157 159 171 312 
-2 250 
9
-1 81 171 194 261 263 280 
-1 137 304 307 
-1 260 276 312 
-1 309 310 
-1 61 126 208 218 271 305 312 
-1 282 306 309 311 
-1 44 298 
-1 141 180 309 310 313 
-2 113 234 256 299 
6
-1 307 
-1 243 305 
-1 312 
-1 163 233 265 
-2 163 233 
-2 69 
4
-1 308 
-2 180 
-2 146 226 265 
-2 274 308 
6
-1 207 307 
-1 293 
-1 145 155 241 311 
-1 304 306 311 
-2 209 306 311 
-2 114 289 312 
2
-1 27 41 83 145 161 201 263 299 309 311 
-2 31 72 191 236 264 290 296 304 
5
-2 184 313 
-2 149 184 271 310 313 
-2 46 162 241 287 
-2 33 184 313 
-2 313 
20
-1 177 189 
-1 282 309 312 
-1 109 126 175 282 302 303 306 311 312 313 
-1 28 280 290 
-1 62 139 202 282 290 302 309 
-1 70 151 263 286 288 292 302 
-1 23 54 160 165 178 195 244 304 308 
-1 11 16 313 
-1 11 16 182 209 
-1 192 313 
-1 11 29 81 95 109 127 209 212 254 
-1 167 181 241 246 264 311 
-1 0 164 290 302 
-1 15 33 141 220 258 278 311 
-1 253 
-2 118 123 234 285 
-2 5 23 44 164 187 195 210 264 278 290 296 304 
-2 74 309 312 
-2 39 119 164 312 
-2 82 145 294 301 312 
2
-1 111 211 238 239 256 305 
-1 56 309 
3
-1 302 308 
-2 166 192 
-2 101 177 
7
-1 7 187 262 298 313 
-1 237 
-1 197 250 283 
-1 232 266 295 
-1 116 
-1 279 
-1 18 52 103 279 299 
10
-1 304 
-1 117 269 308 
-1 238 295 299 308 
-2 206 271 303 
-2 121 206 271 
-2 140 257 
-2 271 
-2 21 84 121 214 286 295 313 
-2 179 
-2 310 313 
8
-1 32 46 224 292 309 
-2 32 176 217 224 252 279 292 
-2 50 183 292 295 
-2 50 292 
-2 107 173 176 279 295 
-2 32 87 107 217 244 290 292 310 
-2 279 285 292 
-2 46 292 
4
-1 10 231 276 
-1 190 297 309 
-2 120 180 
-2 215 
5
-1 102 
-1 9 26 73 185 240 293 
-1 96 147 224 312 
-1 226 
-2 244 293 
2
-1 1 170 262 310 
-2 205 312 
11
-1 101 
-1 310 
-2 65 
-2 6 217 267 292 
-2 73 148 
-2 80 101 139 277 302 
-2 29 50 56 101 213 303 
-2 32 54 121 173 189 292 
-2 286 292 
-2 151 274 294 
-2 46 217 274 
14
-1 47 164 
-1 308 310 
-1 158 261 
-2 160 164 192 252 279 308 
-2 35 262 313 
-2 101 195 209 311 
-2 303 
-2 138 262 303 
-2 222 274 
-2 168 295 304 
-2 101 193 220 
-2 101 140 
-2 101 203 234 278 304 
-2 33 101 138 303 304 
7
-1 300 
-2 199 279 
-2 235 292 
-2 69 262 286 292 293 313 
-2 121 286 
-2 144 
-2 123 188 279 286 
9
-1 36 313 
-1 209 313 
-1 250 300 312 
-1 110 306 309 311 
-1 131 309 
-1 112 250 283 294 
-2 250 
-2 230 271 283 289 313 
-2 284 
10
-1 145 170 304 312 
-2 75 177 205 232 312 313 
-2 75 158 
-2 1 48 62 262 287 298 313 
-2 167 237 
-2 232 
-2 158 
-2 40 188 199 303 
-2 298 313 
-2 48 114 279 
3
-1 66 
-1 99 290 
-1 199 235 240 292 
8
-1 202 292 313 
-1 310 
-1 203 260 276 312 
-1 150 268 
-1 169 268 302 
-1 259 265 
-1 292 
-2 261 
8
-1 259 
-1 265 312 
-1 233 265 
-1 307 
-1 175 
-1 140 
-1 9 185 233 310 
-2 65 163 
7
-1 307 
-1 170 
-1 10 140 
-1 43 108 157 174 269 300 305 
-2 35 108 260 
-2 35 172 243 250 260 283 297 312 313 
-2 155 253 260 
4
-2 172 190 
-2 9 185 196 272 291 310 
-2 171 172 190 273 291 296 297 
-2 49 
8
-1 66 208 272 310 
-1 56 150 
-1 58 63 85 107 291 296 300 
-1 114 115 272 
-1 150 268 
-1 19 272 291 296 297 
-1 146 198 202 215 265 291 296 
-2 56 291 296 
2
-1 147 226 233 294 
-2 51 
4
-1 308 310 
-2 101 278 298 304 
-2 168 236 302 303 
-2 266 267 292 
3
-1 108 162 213 287 307 
-2 241 312 
-2 194 292 
6
-1 62 140 
-1 154 220 299 
-1 282 300 
-1 187 307 
-2 149 309 310 
-2 165 
2
-1 206 238 255 305 309 
-2 91 269 299 
8
-1 309 310 
-1 198 229 251 305 308 309 
-1 111 113 256 300 
-2 123 280 
-2 59 237 266 267 
-2 188 235 276 
-2 59 
-2 276 
8
-1 281 312 
-1 284 
-1 51 274 
-1 174 310 
-1 117 287 308 
-2 152 174 244 
-2 55 169 
-2 182 223 269 
5
-1 73 83 154 
-1 284 
-1 308 312 313 
-1 211 291 296 308 
-1 308 
8
-1 248 301 
-1 248 256 
-1 230 
-1 207 223 265 308 312 
-1 239 258 308 
-2 260 286 312 
-2 17 303 
-2 21 277 302 
4
-1 16 47 151 153 207 211 224 230 248 273 285 291 294 299 304 308 313 
-2 138 291 
-2 166 196 260 285 312 
-2 169 288 
6
-1 301 309 
-1 274 
-1 299 300 307 312 
-1 300 
-2 9 41 236 312 
-2 33 
8
-1 184 
-1 59 107 114 260 285 312 
-1 168 189 285 
-1 142 169 205 250 288 
-1 260 288 312 
-1 142 288 
-1 142 
-1 48 59 174 266 267 285 309 
3
-1 45 48 58 74 77 142 168 176 205 207 248 293 298 303 304 307 311 312 313 
-1 13 39 69 96 110 136 174 176 200 203 231 246 274 277 298 307 309 310 313 
-2 17 36 57 152 268 289 305 313 
6
-1 217 232 234 298 303 
-1 53 
-1 248 266 267 
-1 217 
-1 83 263 276 
-1 5 72 155 227 236 264 296 302 304 
11
-1 56 59 70 279 
-1 283 
-1 43 
-1 187 313 
-1 223 308 312 
-1 31 313 
-1 310 313 
-1 284 306 308 311 313 
-2 260 276 294 
-2 41 280 308 
-2 41 
3
-1 150 156 271 301 
-2 93 166 303 
-2 200 
2
-1 162 292 
-2 29 94 306 311 
4
-1 148 232 270 285 
-1 49 193 250 283 
-1 49 139 242 250 270 272 308 
-1 49 165 193 270 292 
5
-1 218 242 309 
-1 78 165 178 195 284 304 
-1 5 72 123 139 210 227 228 258 264 288 296 304 
-2 49 183 190 210 267 290 
-2 49 100 183 210 242 255 
4
-1 116 165 167 178 195 201 248 267 283 284 285 290 300 
-1 49 190 193 272 284 
-2 59 148 164 238 283 
-2 141 167 306 311 
8
-1 289 290 307 312 
-2 143 
-2 238 309 
-2 238 256 
-2 256 
-2 107 209 279 292 
-2 98 103 176 226 232 
-2 73 274 279 
10
-1 145 190 201 239 240 255 272 307 309 312 
-1 236 248 285 
-2 306 311 
-2 94 198 201 218 255 270 298 
-2 49 202 272 297 
-2 139 250 309 
-2 80 127 267 
-2 94 201 210 258 
-2 5 209 236 250 303 
-2 124 201 213 258 307 
4
-1 221 230 239 273 302 307 
-2 28 306 311 
-2 178 180 205 
-2 201 
2
-2 84 97 121 129 164 198 233 255 270 271 295 
-2 97 186 270 
9
-1 83 162 277 302 
-1 260 292 312 
-1 19 190 241 280 297 
-1 62 68 77 257 290 308 
-1 34 291 296 310 
-1 56 182 228 255 257 271 285 309 310 
-2 95 182 191 223 312 
-2 106 235 245 
-2 306 311 
4
-1 191 201 282 308 
-1 300 
-1 9 185 219 
-2 216 312 
4
-1 187 301 
-2 28 31 295 299 
-2 31 93 104 134 220 237 256 295 
-2 86 222 232 288 294 
6
-1 204 216 301 
-1 148 150 265 290 312 
-2 206 255 272 285 
-2 59 71 164 175 184 197 208 255 285 313 
-2 179 216 253 260 312 
-2 157 279 
10
-1 170 216 
-1 270 297 310 
-1 268 
-1 8 38 149 197 219 271 303 310 
-1 173 257 271 284 
-1 271 288 
-2 140 
-2 72 149 255 271 284 304 306 311 
-2 273 
-2 196 293 298 310 313 
5
-1 300 
-2 66 310 
-2 270 291 296 297 
-2 104 241 
-2 103 303 310 
5
-1 191 271 301 302 
-1 276 310 
-1 52 90 157 264 296 
-2 124 216 312 
-2 289 306 311 
6
-1 301 
-2 18 46 217 274 279 297 
-2 280 
-2 165 232 297 
-2 70 165 226 279 295 296 
-2 66 232 279 302 313 
17
-1 276 
-1 155 271 302 313 
-1 85 120 206 313 
-1 99 292 302 304 
-1 60 73 175 271 306 308 311 313 
-1 297 
-1 97 99 129 255 291 292 296 
-1 259 312 
-1 271 313 
-1 310 
-1 260 276 312 
-2 93 156 216 
-2 216 
-2 124 
-2 216 265 312 
-2 305 
-2 65 212 294 
2
-1 200 312 
-2 91 214 242 306 311 
11
-1 130 258 289 313 
-1 273 300 
-1 305 309 313 
-1 14 183 224 265 290 292 
-1 70 183 210 227 
-1 174 214 233 242 297 310 
-1 170 239 313 
-1 145 259 
-1 309 
-2 54 181 258 261 264 296 
-2 82 167 244 283 286 
13
-1 181 264 296 
-1 73 127 129 302 
-1 263 312 313 
-1 11 61 78 223 254 289 
-1 189 305 308 
-1 142 228 251 257 299 304 305 
-1 126 159 305 
-1 136 200 233 239 262 313 
-1 101 110 
-1 276 298 300 306 311 313 
-2 244 253 280 
-2 124 176 253 300 313 
-2 253 280 
7
-1 302 313 
-1 21 136 200 227 313 
-1 15 25 130 214 233 237 249 253 270 297 305 310 313 
-1 13 115 172 
-2 244 
-2 18 176 
-2 61 225 300 
9
-1 290 301 
-1 136 200 276 312 
-1 90 210 246 290 300 
-1 309 311 
-1 223 305 309 
-2 91 166 
-2 235 
-2 71 181 211 291 313 
-2 236 313 
6
-1 310 
-2 26 208 270 272 291 296 
-2 208 
-2 297 
-2 279 
-2 173 262 279 289 295 
7
-1 245 
-1 209 303 311 
-1 50 158 284 
-2 208 270 291 310 312 
-2 208 
-2 196 270 285 291 310 
-2 38 168 
2
-1 209 295 299 306 308 311 313 
-2 8 31 118 120 140 180 181 206 243 
5
-1 299 
-1 307 
-1 83 263 300 
-1 34 228 259 290 312 
-2 172 228 290 312 
11
-1 177 189 287 
-1 230 312 
-1 189 202 303 
-1 16 131 294 
-1 27 169 211 238 256 
-1 300 305 
-1 112 313 
-2 178 
-2 210 258 304 
-2 14 91 246 261 264 286 296 
-2 165 227 288 302 303 
2
-1 60 121 218 268 287 299 301 312 
-1 112 176 192 301 
6
-1 281 
-1 213 
-2 213 244 286 
-2 90 213 244 310 
-2 34 205 295 
-2 4 289 303 
2
-1 231 238 268 273 277 305 307 309 
-2 285 304 
2
-1 1 170 189 259 260 275 290 298 305 309 310 312 313 
-2 0 44 94 293 298 306 307 311 
2
-1 184 283 308 313 
-2 117 308 
4
-1 10 310 
-1 198 229 251 305 308 309 
-2 244 280 
-2 237 266 267 
3
-1 189 194 231 239 241 251 256 302 307 311 312 313 
-1 156 292 
-2 20 26 29 68 77 99 106 148 191 205 235 243 247 285 299 306 311 312 313 
11
-1 239 287 307 
-1 282 300 
-1 74 145 170 312 
-1 126 264 296 
-1 210 
-1 233 
-1 223 
-1 173 179 
-1 30 306 311 
-2 30 223 312 
-2 146 
5
-1 209 213 287 302 306 311 
-2 148 262 313 
-2 213 271 310 
-2 188 217 
-2 217 292 
5
-1 262 268 309 310 313 
-1 170 207 248 276 292 306 308 311 312 
-1 238 305 308 
-2 4 210 227 285 287 292 
-2 160 252 292 297 
4
-1 46 116 192 309 
-1 72 224 307 309 312 
-2 101 175 
-2 177 255 
5
-1 187 301 
-2 101 262 313 
-2 107 192 210 292 
-2 185 235 262 279 313 
-2 188 192 197 220 274 279 292 313 
6
-1 126 306 309 311 312 
-1 282 304 
-1 210 310 
-2 101 192 253 260 310 312 
-2 100 168 
-2 4 33 188 192 205 280 285 295 313 
2
-1 282 308 
-2 101 262 313 
3
-1 151 153 297 
-2 226 313 
-2 76 120 203 226 313 
5
-1 176 301 307 309 
-2 190 297 310 
-2 59 121 184 197 206 257 266 267 270 285 295 
-2 160 281 303 
-2 257 270 
5
-1 192 222 262 283 312 
-1 98 248 310 312 
-1 286 
-1 13 129 221 283 293 303 
-2 207 254 293 312 
8
-1 281 307 311 312 
-2 177 281 306 308 311 
-2 239 311 
-2 166 177 309 
-2 95 227 306 
-2 55 192 310 
-2 298 313 
-2 236 302 306 
4
-1 289 
-2 7 260 262 312 313 
-2 303 313 
-2 65 241 303 312 
2
-1 102 170 214 226 242 270 310 
-2 45 176 190 
2
-1 131 167 266 284 295 299 308 309 
-2 150 198 212 266 
3
-1 47 89 197 252 260 266 290 296 298 313 
-1 184 185 233 282 306 311 313 
-2 119 301 302 
3
-1 88 160 192 234 303 309 310 313 
-1 279 
-2 35 243 284 
3
-1 306 309 311 
-1 72 88 271 
-2 209 
2
-1 115 131 156 220 295 301 303 305 308 
-2 77 239 268 
7
-1 216 259 265 289 303 
-1 306 311 
-1 84 310 311 313 
-1 214 309 
-2 28 124 156 216 265 
-2 143 244 265 272 311 
-2 180 244 311 
5
-1 134 145 223 239 284 307 309 312 
-2 28 311 
-2 77 198 311 313 
-2 283 309 
-2 3 251 268 305 
2
-1 189 251 281 307 309 312 
-2 69 124 134 171 262 280 303 311 312 313 
6
-1 300 302 
-1 136 200 307 
-1 192 313 
-1 252 300 
-2 232 
-2 213 310 
6
-1 281 299 300 309 312 
-2 196 237 
-2 163 237 240 312 313 
-2 205 
-2 63 
-2 237 
8
-1 170 273 302 313 
-1 148 162 202 259 268 303 304 
-2 58 92 304 311 313 
-2 7 44 100 298 
-2 93 121 303 312 313 
-2 93 175 185 303 313 
-2 93 175 269 303 313 
-2 55 298 
8
-1 74 231 307 
-1 161 204 
-1 288 313 
-1 132 164 
-1 136 200 274 
-1 14 63 151 
-2 15 75 76 195 278 311 313 
-2 144 279 308 
3
-1 11 21 80 131 218 229 231 249 271 285 288 298 300 306 308 311 312 313 
-2 22 80 193 267 303 
-2 123 161 293 297 311 
5
-1 230 281 312 
-1 9 185 226 255 257 258 289 307 310 
-1 239 
-2 153 284 305 
-2 181 264 296 
2
-1 258 277 281 300 312 
-2 243 257 275 
2
-1 30 54 196 258 272 273 300 306 307 310 311 
-2 255 270 271 283 310 
3
-1 103 182 
-1 312 313 
-2 290 
8
-1 238 273 275 299 313 
-1 187 209 247 263 294 
-1 243 294 312 313 
-1 163 298 311 313 
-1 142 218 242 249 307 
-1 243 284 305 308 
-2 290 
-2 16 62 224 290 
3
-1 9 185 309 
-2 9 185 255 310 
-2 59 255 257 285 286 310 
2
-1 67 93 148 159 170 225 239 243 251 290 298 305 306 307 309 311 312 313 
-2 106 122 139 166 212 275 288 292 300 302 305 313 
2
-1 148 248 290 305 306 307 309 311 312 
-2 106 122 139 166 182 212 221 292 302 305 313 
5
-1 234 310 
-1 197 
-1 252 313 
-1 74 212 307 
-2 129 
3
-1 161 189 201 240 305 313 
-2 164 185 189 251 305 308 311 
-2 80 189 294 298 306 311 313 
8
-1 308 
-1 307 
-1 17 252 275 294 313 
-1 259 
-2 65 
-2 36 160 228 294 
-2 294 
-2 63 303 311 
4
-1 263 302 313 
-1 161 201 209 215 219 231 240 269 293 298 306 311 
-1 305 
-2 250 292 
3
-1 275 
-1 114 194 297 313 
-2 275 308 
5
-1 86 240 309 
-2 279 
-2 18 194 297 313 
-2 160 194 267 274 308 313 
-2 192 220 274 279 289 303 
8
-1 145 251 294 
-1 66 213 
-2 34 290 
-2 98 303 310 313 
-2 290 
-2 290 313 
-2 69 275 313 
-2 194 201 221 313 
2
-1 126 
-2 18 199 272 279 301 313 
3
-1 204 302 
-2 101 270 291 296 298 
-2 14 
5
-1 248 
-2 66 245 263 310 
-2 4 286 293 
-2 99 286 313 
-2 151 166 218 240 248 257 
6
-1 273 281 284 
-1 85 292 309 
-1 48 66 222 279 297 310 
-1 302 309 310 
-2 273 
-2 17 100 146 163 
3
-1 215 288 310 
-1 9 174 185 270 272 310 
-2 281 298 306 311 312 
3
-1 201 251 266 286 
-1 77 206 221 292 313 
-2 95 238 312 
8
-1 221 279 313 
-1 25 
-1 192 221 237 303 313 
-1 97 264 284 291 296 
-2 303 304 313 
-2 101 143 311 
-2 69 149 175 271 311 313 
-2 69 175 313 
10
-1 149 271 306 308 311 
-1 231 
-1 238 308 
-1 309 
-1 98 302 313 
-1 212 
-2 245 294 311 
-2 228 
-2 214 
-2 73 249 
7
-1 271 284 308 311 
-1 49 60 232 
-1 1 67 237 303 
-1 43 273 
-1 301 309 
-1 19 27 208 272 299 
-2 239 281 
2
-1 191 240 299 301 
-2 172 221 
3
-1 102 147 233 234 
-1 208 270 272 275 297 
-2 308 
16
-1 313 
-1 203 235 280 
-1 207 312 313 
-1 146 171 
-1 110 231 
-1 27 282 308 313 
-1 280 
-1 178 
-1 307 
-2 222 285 303 
-2 165 
-2 157 172 243 280 
-2 87 183 306 
-2 183 244 280 
-2 237 271 
-2 242 
10
-1 71 139 270 291 310 
-2 172 270 
-2 291 310 
-2 112 266 267 295 
-2 168 
-2 151 205 
-2 151 173 297 298 313 
-2 276 303 
-2 252 291 310 
-2 172 
7
-1 307 
-1 39 277 
-1 122 184 217 253 277 303 
-1 40 164 304 
-1 21 97 236 288 302 304 
-1 164 186 191 213 233 267 
-2 69 234 306 307 311 
14
-1 164 289 
-1 199 
-1 75 76 130 187 242 255 270 313 
-1 270 286 310 
-1 124 156 260 
-1 124 
-2 221 313 
-2 124 156 260 
-2 105 263 303 
-2 91 128 304 
-2 22 53 174 304 
-2 155 228 275 288 
-2 81 105 158 206 244 288 
-2 158 295 303 
10
-1 211 232 291 295 303 
-1 255 266 282 291 298 311 313 
-1 174 199 287 
-1 119 183 214 242 246 285 291 
-1 295 
-1 274 309 
-1 263 308 
-2 106 234 292 312 
-2 189 223 
-2 275 313 
2
-1 211 291 
-2 172 291 296 297 
2
-1 162 
-2 271 293 298 311 313 
9
-1 80 139 192 196 310 
-1 283 291 313 
-1 80 118 165 184 267 302 313 
-1 80 209 292 
-1 154 309 
-2 183 
-2 22 77 132 216 221 271 292 309 312 313 
-2 121 183 
-2 196 214 218 249 310 
2
-1 46 50 107 188 235 310 
-2 46 50 107 188 235 310 
10
-1 1 244 298 
-1 273 
-1 8 68 257 284 
-1 168 257 280 290 
-1 248 295 299 
-1 13 313 
-1 12 86 
-2 261 
-2 177 244 288 
-2 56 244 
7
-1 201 299 
-2 270 313 
-2 313 
-2 249 313 
-2 208 285 313 
-2 208 281 289 313 
-2 77 249 313 
2
-1 218 300 302 306 311 313 
-2 218 255 
2
-1 185 222 
-2 19 214 242 249 285 313 
3
-1 143 301 309 
-1 36 143 
-2 9 185 310 
7
-1 216 300 302 312 313 
-2 242 
-2 26 270 
-2 218 249 
-2 241 289 295 
-2 309 
-2 57 163 205 243 284 
5
-1 182 300 310 
-2 69 295 
-2 241 
-2 292 
-2 137 199 253 297 
2
-1 169 212 294 305 306 307 309 311 312 
-2 260 293 303 312 
5
-1 39 74 98 191 203 256 298 301 306 308 311 313 
-2 80 172 267 
-2 33 173 276 297 
-2 98 137 
-2 33 
2
-1 154 207 246 248 250 264 273 296 299 306 308 311 
-2 302 313 
5
-1 309 
-1 180 191 209 293 298 311 
-1 301 309 
-2 221 313 
-2 132 
6
-1 84 231 271 304 308 313 
-1 179 230 313 
-1 24 159 223 300 305 313 
-1 167 306 308 311 313 
-1 168 304 311 
-2 277 288 302 
2
-1 19 76 78 89 144 172 195 208 214 242 292 294 297 305 308 311 312 313 
-2 32 61 194 206 221 238 251 269 277 294 299 302 305 313 
16
-1 309 
-1 262 313 
-1 259 
-1 121 173 233 312 313 
-1 150 
-1 88 158 216 312 
-1 253 281 312 
-1 254 311 313 
-1 282 
-1 293 298 
-1 293 298 313 
-1 83 237 303 313 
-1 45 57 313 
-1 312 
-1 83 
-2 261 265 281 312 313 
4
-1 25 245 
-2 271 310 
-2 206 208 303 
-2 87 257 
4
-1 176 184 298 
-1 145 223 308 
-2 53 166 204 282 301 
-2 293 298 
2
-1 99 254 304 308 
-2 45 305 
2
-1 66 245 294 302 310 
-2 190 
13
-1 245 
-1 145 300 
-2 114 135 222 
-2 135 266 267 
-2 173 267 
-2 173 241 262 313 
-2 241 313 
-2 13 241 313 
-2 298 313 
-2 50 135 173 
-2 62 153 177 
-2 135 188 230 241 
-2 274 
19
-1 40 130 184 202 209 225 300 310 312 313 
-1 112 158 187 232 254 261 293 309 310 313 
-2 43 
-2 10 226 309 
-2 294 313 
-2 184 298 313 
-2 298 
-2 196 298 310 
-2 175 180 184 293 310 313 
-2 180 196 
-2 184 307 311 313 
-2 148 250 283 
-2 105 184 313 
-2 175 184 293 310 313 
-2 175 198 293 313 
-2 40 253 293 
-2 82 184 244 306 309 311 313 
-2 7 313 
-2 43 
3
-1 214 242 310 
-1 208 307 
-2 114 272 
9
-1 276 
-1 4 36 169 288 
-1 201 301 
-1 51 135 294 
-1 36 135 308 
-2 147 178 
-2 72 135 197 205 
-2 40 186 258 286 
-2 256 
7
-1 309 
-1 51 158 306 311 
-1 81 276 307 
-1 309 310 
-2 91 168 250 288 
-2 178 215 289 
-2 111 182 256 
11
-1 222 
-1 70 87 222 
-2 135 285 
-2 55 90 222 304 
-2 89 104 176 241 294 
-2 54 303 
-2 82 285 304 
-2 82 
-2 173 298 
-2 135 174 209 285 287 
-2 62 86 135 274 
4
-1 80 225 240 308 
-1 224 292 
-1 96 282 283 
-2 116 135 225 258 280 289 304 
3
-1 148 189 276 304 
-1 304 309 
-2 53 116 244 268 283 287 
4
-1 65 109 211 225 289 291 
-2 289 
-2 135 277 
-2 45 92 137 138 228 235 257 291 295 304 
26
-1 239 257 
-1 0 26 257 304 
-1 211 282 290 291 310 
-1 38 93 149 228 240 309 310 
-1 10 49 310 
-1 310 
-1 90 239 
-1 169 
-1 80 125 148 267 285 
-1 34 158 228 
-1 310 313 
-1 197 244 
-2 306 311 
-2 178 259 286 
-2 92 168 254 303 304 312 
-2 90 257 311 
-2 30 175 313 
-2 161 219 269 
-2 47 80 222 236 244 267 288 302 313 
-2 140 297 
-2 135 289 304 
-2 157 201 254 289 304 306 310 311 
-2 105 135 171 304 
-2 220 253 
-2 105 167 244 302 
-2 244 302 
15
-1 136 200 239 307 
-1 122 267 
-1 202 
-1 306 309 311 
-1 135 299 
-1 135 285 288 
-1 10 301 
-1 98 116 291 
-1 268 
-1 115 272 301 313 
-1 138 236 258 304 307 313 
-1 135 307 310 
-1 274 
-2 247 261 277 
-2 135 194 197 219 227 228 247 304 
2
-1 2 65 74 239 258 289 300 305 307 
-2 99 223 294 306 311 312 
15
-1 309 
-2 237 
-2 222 237 298 
-2 35 57 
-2 312 313 
-2 205 312 313 
-2 312 
-2 237 
-2 224 237 
-2 0 245 301 313 
-2 303 
-2 187 245 280 308 
-2 70 280 313 
-2 135 222 245 262 280 313 
-2 63 
6
-1 2 47 74 207 210 230 253 257 307 312 
-1 214 218 246 291 310 313 
-1 234 265 312 313 
-1 125 245 263 308 
-2 182 191 306 311 
-2 178 289 
2
-1 204 211 245 246 264 291 305 307 312 
-2 36 56 139 178 182 220 294 302 306 311 
2
-1 201 273 301 306 311 
-2 26 313 
2
-1 71 276 301 307 310 313 
-2 29 306 311 
6
-1 15 85 130 167 218 225 258 269 299 307 309 310 313 
-2 46 112 192 195 217 286 308 311 
-2 195 252 311 
-2 54 58 59 195 206 254 293 294 298 310 311 
-2 46 53 154 
-2 254 
8
-1 186 201 303 
-2 95 222 
-2 234 
-2 43 132 215 227 262 313 
-2 30 135 147 160 192 217 234 262 299 313 
-2 109 226 312 
-2 102 229 
-2 45 57 226 
3
-1 310 
-2 177 260 312 
-2 55 124 303 
10
-1 161 200 313 
-1 127 231 303 
-1 285 302 304 
-1 197 219 
-1 44 141 161 209 293 298 306 311 
-1 227 302 
-2 178 289 
-2 218 
-2 197 202 237 245 256 280 313 
-2 171 246 264 289 313 
12
-1 189 
-1 198 253 
-1 170 200 239 310 
-1 251 300 
-1 156 260 284 312 
-1 124 222 
-1 170 310 
-1 86 240 244 301 
-2 164 165 297 
-2 120 261 313 
-2 5 205 255 
-2 93 120 313 
3
-1 162 312 
-2 243 310 312 
-2 35 94 109 127 177 235 243 276 293 298 303 311 312 313 
4
-1 305 309 
-1 207 312 
-1 239 254 
-2 311 
3
-1 231 248 254 287 312 
-2 306 308 311 
-2 82 
6
-1 84 149 214 248 271 
-1 304 
-1 281 300 
-1 298 
-2 100 175 180 209 283 311 313 
-2 311 
8
-1 10 59 
-1 189 294 312 313 
-1 219 225 228 283 307 
-1 53 115 116 129 294 297 298 301 309 313 
-1 80 102 106 137 143 147 165 195 226 233 236 284 287 297 302 
-1 242 257 270 272 286 287 302 313 
-2 294 302 303 306 310 311 
-2 294 306 311 
3
-1 308 
-1 206 239 254 275 312 313 
-2 89 98 148 250 274 279 308 313 
3
-1 268 275 313 
-1 24 32 224 292 
-2 142 194 203 228 
4
-2 28 
-2 84 
-2 81 216 
-2 144 
7
-1 262 290 309 310 
-2 195 311 
-2 151 188 190 199 
-2 188 199 217 297 
-2 148 199 262 313 
-2 187 262 299 313 
-2 40 177 271 310 
13
-1 300 
-1 192 268 272 
-1 151 308 
-1 161 225 231 253 289 304 
-1 288 302 313 
-1 151 227 313 
-1 22 182 209 219 
-1 306 311 
-1 162 294 306 311 
-1 303 
-2 3 136 151 158 200 209 211 272 
-2 130 136 158 186 200 210 278 279 313 
-2 136 200 211 258 272 
2
-2 172 291 296 
-2 39 97 213 287 300 
2
-1 214 302 306 307 308 311 
-2 124 
8
-1 115 150 301 
-1 276 307 
-1 126 214 271 309 310 
-1 299 308 312 
-1 193 305 
-2 156 216 281 
-2 174 268 285 
-2 51 
7
-1 182 214 220 309 
-2 220 256 299 
-2 31 303 
-2 164 185 238 286 295 
-2 185 
-2 35 88 127 132 173 188 214 241 243 271 303 310 313 
-2 151 214 242 286 
4
-1 122 271 
-1 115 259 
-2 243 304 
-2 182 
6
-1 266 267 
-2 56 267 
-2 168 173 295 
-2 13 104 137 168 310 
-2 50 144 
-2 89 112 116 303 306 310 
3
-1 158 261 297 
-2 69 129 192 221 302 313 
-2 177 192 220 313 
9
-1 307 
-1 236 286 304 
-1 58 254 257 286 298 311 
-2 140 221 313 
-2 138 
-2 272 
-2 313 
-2 214 
-2 169 249 
4
-1 126 
-1 278 
-2 74 209 303 
-2 1 283 302 304 
2
-1 282 308 
-2 69 88 205 313 
8
-1 162 251 300 303 
-2 66 131 162 196 206 214 257 290 294 295 299 300 
-2 84 162 212 308 
-2 68 101 110 179 262 295 313 
-2 287 
-2 172 177 
-2 7 86 247 262 293 311 
-2 106 154 191 299 
6
-1 202 284 
-1 43 306 311 
-1 39 78 204 290 301 
-2 49 
-2 49 
-2 37 
2
-1 8 21 198 211 228 239 247 251 269 295 299 300 304 307 308 309 312 
-2 29 38 45 65 193 219 241 262 266 287 305 306 310 311 
13
-1 109 
-1 164 275 
-1 90 186 190 222 277 302 
-1 313 
-1 144 217 303 
-1 89 115 155 221 274 292 297 
-1 297 301 
-1 275 
-2 261 
-2 162 261 311 
-2 196 
-2 17 209 257 261 273 303 
-2 162 273 
4
-1 80 149 161 165 169 189 200 211 215 219 239 248 269 277 281 296 302 312 
-1 165 198 
-2 35 40 92 95 141 225 298 302 304 306 311 
-2 22 
8
-1 187 313 
-1 223 308 312 
-1 31 313 
-1 310 313 
-1 284 306 308 311 313 
-2 260 276 294 
-2 41 280 308 
-2 41 
2
-1 248 
-2 4 206 249 272 
7
-1 210 227 309 
-1 277 310 
-2 210 227 
-2 226 227 
-2 71 188 210 
-2 242 310 
-2 283 
4
-1 292 310 
-1 121 251 299 
-1 2 45 278 289 296 304 
-2 25 229 235 263 274 290 
5
-1 213 310 
-2 28 232 295 
-2 104 279 
-2 123 184 198 279 287 298 313 
-2 147 252 286 291 310 
9
-1 70 89 239 254 260 281 289 293 301 308 312 
-1 145 152 204 226 280 312 
-1 101 166 191 225 282 305 308 
-2 82 253 
-2 109 172 243 254 282 
-2 130 138 181 187 261 264 296 313 
-2 64 143 236 296 304 
-2 147 181 252 264 286 287 292 296 
-2 105 286 
4
-1 264 271 296 309 312 
-1 175 311 313 
-2 57 109 243 260 264 296 308 312 
-2 280 
3
-1 144 215 241 306 308 310 311 313 
-2 21 224 234 
-2 67 
7
-1 117 253 269 
-1 189 273 
-1 201 262 309 313 
-2 210 224 227 
-2 188 266 292 
-2 33 90 97 183 292 
-2 103 268 285 
5
-1 127 297 313 
-1 173 257 
-1 49 300 309 310 312 
-2 29 77 97 102 149 179 185 198 298 306 309 311 313 
-2 133 296 
2
-1 127 200 202 211 249 282 297 302 307 313 
-1 286 291 293 296 
9
-1 54 81 88 93 99 110 185 192 224 275 304 307 313 
-1 238 273 
-1 32 
-1 134 192 259 313 
-1 119 221 298 
-1 228 288 
-1 99 268 
-2 30 41 89 124 125 241 280 281 301 312 
-2 201 241 312 313 
3
-1 24 108 111 145 159 165 181 198 204 225 233 249 256 258 264 265 305 306 307 308 311 312 
-2 60 108 214 
-2 26 270 
2
-1 79 102 217 233 270 291 310 
-2 157 180 217 221 249 255 270 285 313 
22
-1 297 
-1 291 296 
-1 115 
-1 0 167 275 294 
-1 307 
-1 99 203 302 304 
-1 60 
-1 97 167 292 311 
-1 212 225 254 275 313 
-1 41 106 134 235 
-1 72 150 244 249 270 313 
-1 131 308 
-1 96 174 208 313 
-1 238 308 
-1 113 118 181 246 264 275 
-1 90 
-2 108 214 311 
-2 123 129 255 269 
-2 312 
-2 32 109 150 224 292 
-2 30 275 
-2 119 275 
6
-1 288 307 
-2 48 
-2 52 71 137 226 310 
-2 41 106 312 
-2 190 210 227 250 
-2 52 137 143 226 
5
-1 132 288 308 
-2 227 
-2 123 227 
-2 132 288 308 313 
-2 119 288 292 297 
6
-1 151 183 282 290 308 
-1 151 169 196 283 310 
-1 71 183 230 286 
-1 151 198 223 273 313 
-1 25 
-1 125 130 151 158 159 175 186 198 210 222 225 239 258 265 269 305 306 311 313 
2
-1 201 218 234 299 301 
-2 135 199 294 
2
-1 135 201 217 305 307 308 309 
-2 174 178 
5
-1 135 217 
-1 278 281 289 300 305 307 312 
-1 227 274 313 
-1 199 
-1 144 152 188 192 227 235 252 301 312 313 
4
-1 239 307 
-1 15 225 227 278 
-1 214 242 270 276 282 302 307 
-2 36 109 178 212 243 254 312 313 
2
-1 64 102 126 154 159 229 243 248 251 273 299 301 305 308 309 313 
-2 86 110 141 167 178 198 206 207 227 242 273 298 306 308 311 
2
-1 212 217 
-2 182 291 296 
10
-1 80 135 284 309 312 313 
-1 219 251 290 303 304 305 308 
-1 106 300 
-1 283 291 295 
-2 44 64 139 251 283 303 304 
-2 64 107 142 155 304 
-2 80 257 270 
-2 64 196 310 
-2 51 
-2 152 224 261 275 280 283 292 312 313 
2
-1 11 15 159 207 218 223 240 246 264 265 278 305 312 313 
-2 195 298 311 
8
-1 268 313 
-1 204 307 313 
-1 19 135 139 164 190 204 213 220 250 287 297 302 310 313 
-2 165 178 212 312 
-2 178 278 281 304 
-2 86 135 304 
-2 95 162 281 313 
-2 227 313 
5
-1 27 99 111 230 313 
-1 313 
-1 30 305 
-2 165 178 195 304 
-2 191 313 
14
-1 245 290 301 
-2 311 
-2 245 
-2 177 300 303 
-2 2 273 312 
-2 258 
-2 78 258 313 
-2 5 146 258 287 
-2 306 308 311 
-2 262 311 
-2 311 
-2 144 282 
-2 185 222 286 
-2 42 137 188 311 
3
-1 14 29 47 67 145 154 161 198 207 214 221 231 270 299 306 307 309 310 311 312 313 
-2 181 246 264 
-2 266 308 
5
-1 20 259 
-1 37 146 171 233 
-1 293 298 313 
-1 163 269 
-2 256 
13
-1 289 
-1 53 234 
-1 14 192 253 309 
-1 83 236 290 302 306 307 309 310 311 
-1 10 238 269 299 309 
-2 311 
-2 103 209 257 303 311 
-2 94 117 269 305 
-2 14 
-2 122 125 146 163 289 311 312 
-2 35 54 
-2 113 210 258 313 
-2 246 264 296 
3
-1 16 30 167 282 
-2 16 167 224 259 264 296 302 
-2 275 
3
-1 201 273 300 305 
-2 38 94 305 
-2 153 182 186 
6
-1 275 302 
-1 218 224 225 268 275 278 307 
-1 2 224 258 275 313 
-1 119 269 
-1 117 275 
-1 275 313 
2
-1 16 35 125 158 163 186 224 225 239 243 248 253 255 265 276 281 289 295 296 300 306 307 308 310 311 312 313 
-2 59 133 135 173 178 276 285 310 
4
-1 201 294 308 
-2 0 29 37 107 120 157 180 
-2 52 135 245 
-2 37 180 199 253 293 313 
5
-1 307 
-1 186 258 289 301 309 
-1 219 
-2 3 256 259 261 311 
-2 112 237 281 
2
-1 60 155 165 230 254 273 280 281 294 312 
-2 35 124 179 226 243 
28
-1 162 274 289 
-1 123 162 213 218 258 268 305 
-1 5 51 256 280 303 310 313 
-1 274 313 
-1 222 267 268 279 301 313 
-1 297 
-1 155 160 268 
-1 239 
-1 43 301 
-1 224 239 254 313 
-1 155 258 278 280 296 
-1 77 126 161 173 219 225 290 309 
-1 158 179 269 289 312 313 
-1 269 285 
-1 93 251 305 309 
-1 304 305 
-1 193 207 229 304 305 
-1 168 204 261 294 304 306 311 
-2 305 
-2 141 
-2 31 38 243 305 
-2 178 261 
-2 105 135 228 289 304 
-2 150 155 166 241 
-2 135 157 227 228 304 
-2 169 178 188 195 288 297 
-2 78 122 166 178 195 311 
-2 286 304 308 311 
11
-1 259 
-1 266 272 
-1 142 304 
-1 304 
-1 278 
-1 34 248 266 
-1 271 
-1 248 271 
-1 132 142 236 304 307 
-1 181 199 291 296 303 
-1 219 269 
2
-1 186 248 300 301 307 
-2 63 117 119 293 299 305 307 311 
4
-1 20 259 
-1 132 184 222 280 308 
-1 43 
-1 17 135 274 275 
9
-1 307 312 313 
-1 40 115 225 281 313 
-1 246 291 296 
-1 135 250 313 
-1 171 
-2 135 277 
-2 313 
-2 18 135 
-2 109 250 
2
-1 281 301 309 312 
-2 117 204 250 283 299 308 
11
-1 281 312 
-2 207 229 303 
-2 22 159 256 
-2 61 283 
-2 96 185 256 
-2 88 185 
-2 263 295 
-2 59 135 173 285 
-2 103 
-2 283 
-2 220 
2
-1 204 293 305 306 307 308 311 
-2 24 153 230 256 284 
19
-1 72 148 283 
-1 39 56 135 144 221 227 231 254 303 
-1 220 256 301 
-1 281 300 312 
-1 159 305 309 
-1 14 26 70 89 130 133 194 258 278 283 287 296 301 308 310 313 
-1 214 242 270 310 
-1 168 218 261 280 307 
-2 39 47 102 237 308 312 
-2 87 148 250 286 
-2 184 
-2 277 288 298 
-2 0 88 205 243 254 312 
-2 134 209 243 254 303 
-2 122 
-2 231 254 
-2 33 188 235 
-2 303 
-2 102 308 
6
-1 221 313 
-1 259 
-1 117 179 253 271 
-1 103 135 286 
-1 33 117 205 271 
-2 103 135 286 
6
-1 298 307 311 313 
-1 9 19 74 170 185 190 266 276 307 309 310 312 
-1 135 149 212 253 282 289 290 313 
-1 114 135 140 157 213 238 244 250 262 268 282 285 288 289 299 302 308 310 313 
-2 112 132 153 184 195 198 237 280 311 313 
-2 6 78 115 135 152 157 182 274 293 312 
5
-1 73 211 291 
-1 277 300 
-1 171 263 308 
-2 298 306 311 
-2 118 138 291 
3
-1 225 293 300 307 309 312 313 
-2 123 155 173 264 269 296 305 311 
-2 145 
2
-1 0 19 54 80 93 109 126 133 136 155 190 200 201 202 211 223 225 231 258 270 272 278 297 301 307 310 312 
-2 19 54 55 94 102 135 138 178 201 207 208 216 238 243 246 254 256 270 272 287 291 299 310 311 312 
14
-1 11 15 212 250 265 268 285 299 312 
-1 57 171 263 300 
-1 54 308 312 
-1 265 287 306 311 
-1 284 
-1 308 
-1 67 153 231 313 
-1 38 57 243 284 
-1 202 
-1 43 
-1 135 285 308 
-2 308 312 
-2 182 183 284 
-2 109 182 243 
8
-1 287 300 
-1 108 276 
-2 63 104 240 
-2 1 52 141 183 279 298 
-2 104 244 
-2 63 
-2 265 287 311 
-2 281 283 
12
-1 92 254 313 
-1 154 186 299 301 
-1 219 240 312 
-1 146 163 265 312 
-1 202 
-1 140 164 177 290 
-1 82 194 249 302 
-1 186 275 301 313 
-1 234 
-2 161 275 303 312 
-2 309 
-2 100 237 
6
-1 234 298 313 
-1 248 265 299 
-1 248 299 312 
-1 68 73 248 250 303 307 310 
-1 117 248 299 
-1 224 292 301 313 
4
-1 183 217 227 252 259 
-1 190 309 
-2 306 311 
-2 40 
5
-1 39 89 154 299 301 309 
-1 10 74 91 243 250 267 282 289 305 312 
-1 311 
-2 2 57 92 159 
-2 182 229 250 257 289 305 
4
-1 308 311 
-2 37 293 311 
-2 287 
-2 139 143 184 266 267 295 311 
5
-1 189 305 310 
-1 0 81 92 276 306 311 
-1 43 179 185 227 302 
-2 187 223 275 294 312 313 
-2 195 283 
2
-1 111 207 209 256 311 312 
-2 60 187 278 283 304 312 
8
-1 217 309 
-1 96 252 313 
-1 96 168 283 293 
-1 303 
-1 6 132 227 241 
-1 70 124 267 281 287 
-1 12 86 96 140 199 
-2 283 293 
3
-1 87 310 
-1 70 168 177 286 293 
-1 283 
4
-1 33 52 266 267 308 
-1 11 217 218 281 299 307 
-2 96 
-2 73 194 274 313 
3
-1 302 310 
-2 177 187 262 
-2 21 75 295 312 
8
-1 301 308 
-1 266 267 308 
-1 48 286 
-2 211 246 266 291 296 303 
-2 313 
-2 291 303 
-2 174 291 296 303 313 
-2 19 249 291 310 
12
-1 81 90 125 176 181 207 211 223 246 248 249 261 265 266 267 291 301 309 312 313 
-2 97 165 267 313 
-2 68 97 165 193 255 260 267 
-2 67 152 153 195 197 215 219 226 228 230 267 312 
-2 11 71 90 255 257 283 
-2 313 
-2 61 75 243 254 311 312 313 
-2 93 283 
-2 32 80 139 240 267 278 292 304 311 313 
-2 97 105 165 
-2 165 313 
-2 2 11 54 90 152 153 181 193 195 203 225 230 249 291 312 313 
6
-1 301 308 
-1 281 300 312 
-1 307 
-1 308 
-1 285 307 308 
-2 182 210 278 300 
5
-1 117 300 
-2 235 243 303 
-2 75 127 132 142 312 
-2 297 
-2 88 
6
-1 280 
-1 213 229 259 
-2 261 
-2 255 277 288 298 311 
-2 53 277 286 313 
-2 288 303 
5
-1 272 275 291 296 310 
-2 272 291 296 310 
-2 51 183 
-2 272 
-2 292 
2
-1 184 224 270 309 310 
-1 130 245 278 313 
4
-1 270 310 
-1 306 308 311 
-1 126 305 
-1 309 
8
-1 240 260 276 312 
-1 127 248 287 303 
-1 39 78 116 136 137 200 225 239 263 304 
-2 131 
-2 198 214 242 
-2 190 234 285 287 
-2 214 242 255 
-2 38 108 190 214 242 287 
7
-1 309 
-1 26 38 210 252 
-1 209 260 312 
-1 196 288 310 
-2 261 
-2 37 40 75 76 120 124 180 198 206 280 293 
-2 37 73 206 288 
6
-1 300 
-1 147 234 310 
-1 300 
-2 76 176 313 
-2 37 76 180 
-2 48 145 
3
-1 8 203 247 276 277 302 305 309 312 
-2 277 
-2 252 
29
-1 161 219 275 
-1 123 304 
-1 304 
-1 90 305 313 
-1 275 302 313 
-1 203 
-1 8 285 
-1 78 275 302 
-1 311 313 
-1 134 150 244 293 298 
-1 198 241 293 298 311 
-1 241 275 302 311 
-1 49 313 
-1 24 100 254 290 303 
-1 290 302 
-1 277 313 
-1 7 174 247 277 
-1 8 113 219 
-1 302 
-1 277 
-2 94 154 313 
-2 123 304 313 
-2 22 190 271 285 313 
-2 310 
-2 214 285 313 
-2 214 313 
-2 261 
-2 92 177 288 304 313 
-2 308 
2
-1 305 309 
-2 68 91 100 107 110 112 117 123 148 221 247 277 284 290 310 313 
6
-1 150 268 305 
-1 8 206 309 310 
-1 310 
-1 154 240 299 308 310 
-2 216 304 
-2 220 
2
-1 208 239 307 
-2 293 306 311 313 
2
-1 285 
-2 47 186 214 242 279 285 
10
-1 235 246 
-1 86 180 195 
-1 15 133 225 258 309 310 
-1 59 233 273 313 
-1 23 63 
-1 103 188 197 199 
-1 12 18 176 298 
-1 173 276 
-1 279 
-2 246 293 
3
-1 85 95 113 194 237 247 250 259 309 
-2 205 238 256 306 309 311 
-2 287 
3
-1 273 294 306 307 308 311 
-2 114 194 272 313 
-2 172 272 
6
-1 304 
-1 36 110 312 
-1 115 129 252 255 
-1 58 61 107 129 174 255 295 
-2 115 194 197 279 313 
-2 301 
13
-1 125 154 248 299 300 
-1 47 98 
-1 189 244 251 294 312 
-1 111 230 256 
-1 27 113 205 
-1 58 72 138 269 290 300 305 
-1 117 191 229 309 
-1 141 215 298 306 309 311 
-2 111 
-2 251 305 309 310 
-2 265 299 
-2 151 209 285 288 
-2 195 210 311 
9
-2 280 313 
-2 134 231 263 
-2 313 
-2 22 191 201 
-2 16 191 201 224 242 254 294 313 
-2 292 
-2 28 251 273 299 
-2 181 246 264 296 
-2 195 
7
-1 162 230 268 302 
-1 151 162 234 
-1 24 151 159 189 253 256 259 305 
-1 189 312 
-1 141 162 167 175 306 311 313 
-1 86 151 240 
-2 170 237 
15
-1 268 
-1 126 170 273 
-1 122 222 307 
-1 138 198 275 313 
-1 67 151 273 313 
-1 126 268 
-1 27 69 250 
-1 27 164 
-1 46 250 268 
-1 159 211 256 
-1 305 
-1 193 313 
-2 81 250 305 309 
-2 151 182 202 212 251 
-2 261 305 309 
3
-1 242 307 
-1 141 267 
-1 209 311 
16
-1 11 83 110 171 189 202 248 263 299 300 307 313 
-1 238 256 295 299 308 
-1 23 165 250 288 297 302 313 
-1 206 271 288 
-1 84 208 233 242 249 270 309 310 
-1 141 189 201 293 306 307 311 313 
-1 171 198 233 265 
-1 286 308 
-1 22 127 141 142 242 
-1 207 229 284 298 308 
-2 5 74 145 273 
-2 159 220 294 305 308 313 
-2 225 313 
-2 140 155 209 240 311 
-2 23 303 
-2 105 243 254 289 
8
-1 276 
-1 306 308 311 
-1 265 
-1 193 305 
-2 57 243 
-2 134 282 
-2 134 243 294 
-2 182 243 
6
-1 202 229 259 273 309 
-1 238 309 312 
-1 174 204 251 268 305 
-1 218 242 249 
-2 141 182 
-2 242 272 285 
15
-1 303 310 313 
-1 313 
-1 255 271 298 313 
-1 174 255 270 291 
-1 58 144 310 
-1 138 306 311 
-1 45 184 254 257 293 313 
-1 1 42 253 262 294 
-1 11 
-1 225 
-1 201 283 
-1 201 233 301 
-1 196 302 
-1 123 155 231 253 257 313 
-2 165 261 287 310 
2
-1 303 
-2 65 113 117 216 284 304 
9
-1 98 297 308 
-1 1 303 
-1 276 
-1 262 286 309 313 
-2 128 194 262 302 313 
-2 40 166 177 230 255 261 262 288 313 
-2 187 243 303 310 
-2 304 
-2 262 313 
6
-1 287 
-1 260 263 276 309 312 
-1 17 128 309 
-2 8 257 287 
-2 156 
-2 265 272 
6
-1 229 
-1 163 215 
-1 77 253 
-1 128 
-1 217 
-2 64 185 310 
5
-1 220 226 261 
-2 37 120 181 
-2 293 
-2 279 285 
-2 107 217 279 295 
4
-1 15 133 204 265 312 
-2 221 277 
-2 99 292 
-2 63 100 196 302 313 
3
-1 160 245 254 302 309 
-1 223 278 294 304 312 
-2 221 232 292 302 313 
4
-1 17 282 
-2 104 112 297 
-2 79 104 305 310 
-2 221 277 
5
-1 219 231 269 271 277 302 
-1 301 308 
-1 7 53 131 151 157 275 294 
-2 221 283 302 
-2 112 313 
10
-1 275 
-1 231 307 
-1 273 
-1 293 
-1 189 305 
-1 98 116 309 313 
-2 22 280 
-2 183 
-2 304 
-2 203 253 274 277 
11
-1 3 83 263 
-1 269 305 309 
-1 130 258 313 
-1 110 276 
-1 207 230 312 
-1 308 
-1 54 304 
-1 284 
-1 247 267 284 309 310 313 
-2 99 261 280 
-2 60 134 139 141 253 308 
7
-1 58 
-1 30 259 278 305 312 
-1 293 
-1 247 313 
-1 313 
-2 136 200 307 
-2 60 141 
8
-1 222 276 
-1 222 226 
-1 250 288 
-1 179 232 286 
-1 117 179 269 295 
-1 44 259 300 301 
-2 310 
-2 274 
5
-1 205 295 
-2 73 252 297 
-2 226 
-2 33 100 179 266 272 
-2 310 
3
-1 213 282 304 
-2 6 89 188 194 274 284 301 
-2 194 199 217 240 275 301 313 
20
-1 20 189 194 
-1 61 96 201 212 231 275 313 
-1 148 151 201 214 239 277 294 
-1 170 
-1 263 265 
-1 151 214 251 273 299 
-1 95 251 253 299 
-1 151 214 247 306 310 311 313 
-1 122 137 201 236 250 313 
-1 113 
-2 50 304 
-2 62 161 231 253 279 304 307 308 310 
-2 82 161 244 
-2 113 161 282 299 313 
-2 155 198 263 
-2 20 108 113 214 261 
-2 164 249 313 
-2 269 
-2 269 
-2 88 200 275 313 
2
-1 124 153 156 203 231 239 260 269 278 289 294 307 308 312 
-2 100 105 184 193 208 216 219 256 263 269 270 272 288 294 308 311 
11
-1 268 
-1 254 
-1 223 260 294 312 
-1 163 
-1 305 309 
-1 282 
-1 84 98 268 
-1 56 121 309 
-2 64 140 267 
-2 194 215 250 288 
-2 193 
3
-1 45 82 100 124 263 282 
-2 213 
-2 28 76 84 196 295 
3
-1 146 194 
-1 275 282 
-2 65 
3
-1 281 309 312 
-2 184 312 
-2 157 179 205 226 
9
-1 252 279 
-1 259 
-1 235 236 264 296 
-1 264 296 
-1 109 263 
-1 137 264 296 
-1 98 181 264 310 
-1 309 310 
-2 29 234 306 311 312 313 
2
-1 300 
-2 35 121 150 203 253 282 303 
4
-1 233 265 306 309 311 312 
-2 69 163 260 
-2 172 219 243 312 
-2 312 
3
-1 27 170 230 231 256 263 300 307 312 
-1 143 165 287 302 
-2 2 3 163 265 289 312 
7
-1 42 202 313 
-1 0 
-1 96 167 
-1 273 308 
-1 24 136 159 160 200 239 305 308 313 
-1 301 308 
-2 223 294 301 312 
10
-1 14 145 207 230 312 313 
-1 83 154 171 245 263 299 308 313 
-1 141 198 298 306 308 311 313 
-1 15 119 133 176 241 246 258 280 306 308 311 313 
-1 152 176 180 230 280 312 313 
-1 42 222 288 313 
-1 305 308 313 
-1 117 300 
-1 24 159 305 308 
-2 196 223 301 310 312 
8
-1 218 276 308 309 312 
-2 28 306 311 
-2 210 278 
-2 264 296 303 
-2 42 152 168 232 266 267 308 312 
-2 152 196 241 279 312 
-2 42 152 188 226 235 266 267 312 
-2 183 199 235 
2
-1 24 49 93 125 191 211 229 231 239 291 296 301 307 312 
-2 31 111 133 159 238 245 256 296 299 308 
9
-1 240 307 
-1 96 252 309 
-1 215 297 
-1 6 78 151 246 258 259 
-1 291 
-2 215 280 282 
-2 240 279 282 301 
-2 44 293 
-2 17 132 244 
3
-1 189 308 
-2 226 
-2 279 286 298 313 
6
-1 309 312 
-1 83 154 299 
-1 186 309 
-1 133 157 246 296 
-2 151 268 
-2 83 131 154 174 234 271 
3
-1 282 
-2 261 
-2 58 103 161 258 288 304 
4
-1 194 253 275 313 
-2 67 103 153 159 203 280 
-2 55 139 194 
-2 164 261 
7
-1 77 149 161 173 295 
-1 202 
-1 5 61 275 312 313 
-1 92 189 302 306 311 
-1 167 275 287 
-1 299 304 308 
-2 158 193 300 312 
4
-1 146 194 
-2 12 84 194 286 
-2 6 
-2 189 194 217 294 
12
-1 117 223 304 309 
-1 57 85 92 93 122 148 163 214 218 249 251 255 276 280 287 307 310 
-2 91 108 213 254 267 275 277 304 
-2 162 193 290 
-2 269 
-2 307 
-2 193 305 313 
-2 75 207 223 240 303 307 312 
-2 148 221 
-2 15 241 278 311 
-2 118 120 
-2 62 78 89 234 
4
-1 4 311 
-2 213 287 
-2 271 277 313 
-2 44 116 131 294 301 302 306 311 
12
-1 194 
-1 197 304 
-1 179 
-1 131 185 252 286 
-1 273 
-1 122 241 249 275 
-1 269 299 309 
-1 289 
-2 272 286 
-2 272 308 
-2 65 129 255 
-2 193 
10
-1 0 131 170 197 230 248 273 276 295 304 306 309 310 311 
-1 280 
-1 41 65 199 280 287 
-1 65 194 217 222 234 
-1 77 152 280 299 301 309 312 313 
-2 91 193 283 285 
-2 283 285 
-2 182 194 251 
-2 250 
-2 268 275 
3
-1 247 280 307 
-2 244 258 303 
-2 41 146 244 280 
3
-1 265 270 272 284 308 310 
-2 147 272 
-2 208 270 
8
-1 123 255 
-1 289 
-1 140 145 298 
-2 91 212 304 
-2 193 285 
-2 110 
-2 141 306 311 
-2 188 
2
-1 293 300 305 306 307 309 311 
-2 250 288 
2
-2 217 299 
-2 71 75 199 312 
10
-1 48 50 61 75 151 217 287 313 
-1 165 228 288 313 
-1 98 134 
-2 277 304 
-2 160 281 
-2 174 190 244 255 272 287 
-2 234 267 
-2 53 282 287 307 
-2 244 287 
-2 110 267 298 
4
-1 121 271 313 
-1 166 313 
-2 121 271 313 
-2 166 313 
9
-1 178 300 
-1 293 
-1 179 182 295 298 311 313 
-1 204 305 
-2 302 313 
-2 157 174 206 227 271 285 304 
-2 105 249 271 
-2 118 137 235 293 
-2 29 80 253 267 
10
-1 162 
-1 310 
-1 277 308 313 
-1 266 270 308 
-1 216 312 
-2 7 79 311 
-2 115 188 266 279 297 
-2 33 104 173 241 311 
-2 13 311 
-2 188 266 279 
3
-1 131 308 
-1 230 238 258 289 
-2 40 293 311 
7
-1 3 189 245 277 301 302 
-1 49 115 272 300 
-1 5 226 291 310 
-2 123 258 
-2 304 
-2 127 246 258 264 296 302 304 
-2 87 196 295 
34
-1 44 192 199 
-1 169 263 277 288 
-1 171 260 263 309 
-1 170 248 273 299 312 
-1 237 303 
-1 251 269 312 
-1 126 305 
-1 37 118 233 293 310 
-1 78 133 246 278 
-1 133 186 298 
-1 133 277 288 
-1 30 167 182 210 
-1 85 167 287 
-1 175 310 313 
-1 173 257 
-1 170 284 
-1 58 82 155 168 289 290 311 
-1 21 97 128 197 277 288 304 313 
-1 108 128 161 277 302 304 
-1 161 302 304 
-1 82 97 197 228 295 304 
-1 142 304 
-1 128 147 212 255 
-1 34 128 269 294 295 
-1 128 268 
-1 114 287 290 
-1 114 258 
-2 55 100 132 138 261 302 304 
-2 190 277 283 288 303 
-2 110 128 190 232 288 303 
-2 158 
-2 158 190 215 277 283 288 
-2 71 190 215 283 304 
-2 213 233 310 
6
-1 72 114 142 268 277 288 302 304 
-1 128 142 189 
-1 219 228 236 
-1 27 219 
-2 173 179 185 209 311 
-2 281 304 311 
2
-1 171 263 281 308 
-2 181 258 291 296 310 313 
6
-1 313 
-1 226 
-1 226 
-1 167 
-1 240 
-1 83 
13
-1 313 
-1 259 
-1 295 299 309 
-1 256 309 
-1 110 231 277 
-1 275 302 
-1 56 309 
-1 64 71 309 
-1 64 244 304 
-1 1 169 175 
-1 100 
-1 71 128 298 304 
-2 302 304 
10
-1 83 245 263 
-1 276 303 309 
-1 309 
-2 91 304 
-2 167 234 304 
-2 58 68 144 
-2 244 
-2 20 83 
-2 169 198 253 
-2 243 
4
-1 83 
-2 278 
-2 279 
-2 65 130 278 313 
4
-2 270 
-2 90 112 
-2 183 249 270 285 
-2 50 90 128 183 270 279 285 
4
-2 140 
-2 147 245 274 
-2 140 
-2 28 131 295 
3
-1 25 49 85 108 113 216 229 284 306 308 311 
-1 133 246 299 301 
-2 64 156 179 191 216 251 267 278 299 305 
4
-1 216 254 289 
-1 311 
-2 153 215 
-2 57 235 263 
5
-1 4 252 
-1 172 222 
-1 138 233 297 
-1 70 295 297 
-1 233 310 
2
-1 176 248 266 267 283 298 301 307 309 
-2 172 
13
-1 83 171 202 263 
-1 125 141 263 
-1 67 134 153 170 273 
-1 204 240 301 
-1 186 276 301 309 
-1 113 117 210 225 247 258 269 304 
-1 181 246 264 296 
-1 24 159 240 294 295 305 
-1 83 131 208 230 242 270 295 299 300 310 
-1 83 293 298 306 311 313 
-1 77 109 129 141 161 269 282 298 311 313 
-1 100 115 244 294 313 
-2 3 14 139 160 221 244 301 
5
-1 223 261 265 282 300 301 308 312 
-2 73 143 226 232 308 
-2 42 152 157 280 312 
-2 188 298 313 
-2 188 235 283 
18
-1 248 301 
-1 214 242 307 
-1 121 138 142 219 269 304 
-1 173 285 
-1 312 
-1 41 146 157 235 280 300 
-1 90 105 186 290 295 
-1 295 
-2 90 130 181 186 226 264 313 
-2 251 269 278 313 
-2 57 243 254 
-2 134 202 205 220 243 254 260 286 295 
-2 38 109 174 243 254 
-2 71 152 312 
-2 57 
-2 312 
-2 160 281 
-2 152 312 
3
-2 94 144 169 173 217 266 285 288 
-2 42 274 
-2 144 
3
-1 72 253 281 
-1 301 308 
-2 260 310 312 
7
-1 259 312 
-1 127 276 304 308 
-1 269 308 
-1 114 172 305 312 
-1 103 221 269 313 
-2 112 116 176 199 203 261 313 
-2 130 236 237 296 310 313 
7
-1 2 145 312 
-1 110 269 313 
-1 14 42 99 301 
-1 155 178 211 291 
-1 42 
-2 181 264 296 
-2 41 99 280 
2
-1 43 248 297 
-1 272 286 
9
-1 25 
-1 25 67 153 
-1 237 
-1 251 298 309 
-2 175 
-2 273 311 
-2 96 279 
-2 6 285 292 
-2 302 308 313 
3
-1 229 309 
-1 230 238 249 272 309 310 
-2 99 
2
-1 191 286 293 
-2 191 286 293 
5
-1 79 102 
-1 259 290 
-2 157 
-2 140 215 312 
-2 142 292 
6
-1 125 265 309 312 
-1 67 284 
-1 10 305 307 
-1 219 
-2 220 
-2 281 
6
-1 151 183 282 290 308 
-1 151 169 196 283 310 
-1 71 183 230 286 
-1 151 198 223 273 313 
-1 25 
-1 125 130 151 158 159 175 186 198 210 222 225 239 258 265 269 305 306 311 313 
5
-1 111 158 232 256 265 266 284 295 310 
-1 170 230 244 280 284 312 
-2 95 265 280 
-2 164 
-2 214 242 249 
9
-1 169 309 
-1 284 
-2 7 184 313 
-2 59 205 270 
-2 196 311 
-2 310 
-2 7 
-2 197 270 286 298 
-2 274 
7
-1 22 121 206 247 287 308 313 
-1 261 286 308 
-2 64 206 295 
-2 254 
-2 241 270 
-2 138 286 
-2 121 286 
13
-1 159 245 247 284 313 
-1 233 241 249 270 291 296 310 
-1 245 280 
-1 24 106 116 235 252 260 313 
-1 24 235 270 280 313 
-1 26 37 180 
-1 180 
-1 146 181 258 264 313 
-1 213 284 
-2 11 166 242 
-2 232 286 295 
-2 53 104 279 298 303 313 
-2 4 17 18 87 189 222 224 242 252 262 270 286 301 313 
4
-1 215 221 247 313 
-1 150 213 313 
-1 198 208 244 270 290 313 
-2 108 242 
14
-1 204 218 308 312 313 
-1 282 299 305 308 
-2 44 243 262 277 310 
-2 75 172 193 220 243 247 277 312 313 
-2 105 172 243 303 310 313 
-2 27 55 101 111 195 269 285 286 304 311 
-2 100 137 208 285 304 
-2 179 255 270 313 
-2 33 100 127 179 303 313 
-2 137 255 304 
-2 132 175 313 
-2 0 166 
-2 137 303 304 307 313 
-2 0 22 29 96 118 159 168 171 176 180 231 237 280 284 293 303 305 306 308 310 311 
21
-1 245 282 306 308 311 
-1 201 308 
-1 131 231 260 270 276 282 304 309 312 
-1 131 208 275 294 
-2 154 243 245 299 312 
-2 243 263 275 
-2 109 131 271 306 311 
-2 140 244 257 
-2 94 121 174 
-2 20 247 313 
-2 81 85 123 155 267 
-2 145 267 312 
-2 81 123 302 
-2 193 282 299 305 
-2 262 275 
-2 38 100 236 288 304 310 
-2 197 
-2 27 220 256 
-2 109 191 256 299 
-2 171 216 235 238 
-2 37 118 120 182 206 233 287 293 
3
-1 90 186 229 245 284 
-1 285 
-2 85 167 
3
-1 60 115 149 213 221 245 247 260 278 301 305 308 309 312 313 
-2 106 166 182 197 213 243 247 262 263 286 304 311 313 
-2 194 197 212 304 
2
-1 62 89 129 245 270 284 304 310 313 
-2 154 245 247 275 302 304 
2
-1 303 309 
-2 155 286 291 310 
2
-1 275 301 308 
-1 102 153 194 226 275 309 
5
-1 52 75 79 194 226 303 
-1 102 233 
-1 82 114 194 
-1 50 107 
-1 126 160 274 
2
-1 102 309 
-2 20 226 299 
2
-1 263 273 308 
-2 73 95 237 256 272 303 306 311 
2
-1 207 300 312 
-2 94 278 305 
2
-1 245 297 
-2 166 249 285 
10
-1 62 302 309 
-1 12 86 
-1 23 277 
-1 21 313 
-1 313 
-2 225 
-2 240 
-2 253 308 
-2 210 278 
-2 86 133 251 296 
9
-1 152 157 245 280 312 
-2 245 
-2 191 205 206 207 255 257 271 306 311 312 
-2 161 185 253 289 298 311 313 
-2 113 
-2 81 163 257 297 312 
-2 299 305 
-2 31 157 243 280 
-2 42 173 276 285 
2
-1 284 
-2 69 286 307 311 
4
-1 17 143 262 
-1 286 
-1 46 123 277 297 
-2 274 
6
-1 9 128 148 156 185 245 259 297 299 300 
-1 127 250 304 309 
-1 276 
-2 128 260 276 312 
-2 295 
-2 295 
3
-1 3 156 260 268 312 
-1 97 124 260 307 312 
-2 277 288 302 303 304 
6
-1 196 310 
-1 301 308 
-2 282 
-2 52 157 226 294 
-2 92 235 241 
-2 153 241 294 
6
-1 176 191 203 301 309 
-1 66 160 301 
-1 128 253 308 
-1 156 294 
-1 125 154 171 263 299 308 309 
-2 147 166 183 191 217 249 255 270 272 274 285 301 
12
-1 192 272 313 
-1 259 
-1 259 263 309 
-1 86 260 312 
-2 138 252 279 297 308 313 
-2 34 74 196 295 299 
-2 313 
-2 87 279 313 
-2 45 298 
-2 104 298 313 
-2 29 209 
-2 274 279 
14
-1 41 153 235 312 
-2 137 226 303 
-2 128 138 153 199 279 289 303 
-2 37 236 
-2 310 
-2 37 266 267 296 
-2 51 
-2 138 199 
-2 63 303 313 
-2 147 252 305 310 313 
-2 169 288 
-2 310 
-2 37 206 
-2 213 
4
-1 212 301 
-2 252 277 282 294 301 304 
-2 115 119 128 192 303 308 313 
-2 76 293 303 312 
9
-1 97 131 141 173 180 202 204 215 229 241 269 271 294 299 304 305 308 309 311 
-2 109 163 164 177 243 253 297 
-2 3 94 149 234 250 274 275 303 
-2 149 192 250 
-2 179 216 243 
-2 124 198 205 
-2 184 
-2 262 298 306 311 313 
-2 251 
2
-1 24 238 248 266 269 283 297 299 300 304 310 
-2 266 285 298 310 
3
-1 128 279 313 
-1 180 232 254 
-2 84 237 308 
6
-1 71 169 218 221 250 
-1 241 
-1 128 137 140 195 235 312 313 
-2 77 122 128 313 
-2 112 187 313 
-2 128 192 201 239 282 307 313 
2
-1 245 259 268 297 
-2 79 217 283 
9
-1 62 213 
-1 25 282 283 292 312 
-1 204 271 305 308 309 310 
-2 193 
-2 119 134 164 298 
-2 280 311 
-2 146 
-2 241 
-2 142 166 173 
7
-1 25 153 300 308 312 
-1 96 167 284 302 310 313 
-1 8 290 312 
-2 183 262 313 
-2 107 246 291 296 
-2 254 
-2 88 143 195 205 283 291 296 311 
13
-1 222 286 
-1 148 288 291 292 297 307 
-1 301 313 
-1 82 157 269 286 
-1 29 58 93 178 254 292 306 311 
-1 157 183 224 292 
-2 286 313 
-2 91 206 214 242 249 266 272 310 
-2 138 313 
-2 172 236 288 
-2 162 232 288 292 
-2 86 313 
-2 72 80 165 267 288 
12
-1 245 
-2 227 
-2 210 227 
-2 188 192 313 
-2 188 313 
-2 47 188 192 210 227 279 313 
-2 107 188 192 217 252 292 313 
-2 252 279 
-2 263 
-2 104 137 226 279 
-2 121 210 224 227 274 289 292 301 
-2 274 279 
2
-1 265 312 
-2 28 269 305 311 
4
-1 277 302 
-2 90 261 
-2 204 244 280 311 
-2 162 252 
5
-1 186 204 268 305 
-1 300 305 308 
-1 62 108 
-1 106 
-2 132 313 
8
-1 139 227 259 302 
-1 171 263 284 307 308 
-1 204 238 295 299 
-1 268 
-2 63 306 311 
-2 207 293 298 
-2 44 303 305 
-2 238 256 295 
4
-1 18 112 222 301 
-1 18 112 219 228 309 313 
-1 36 130 282 313 
-2 112 301 
8
-1 309 
-1 83 154 223 268 273 276 299 305 308 
-1 40 129 144 287 
-1 294 
-2 261 
-2 91 133 246 296 313 
-2 91 247 304 313 
-2 161 247 304 
8
-1 154 204 299 
-1 145 
-1 204 216 311 312 
-2 247 277 
-2 28 197 304 
-2 294 304 
-2 212 227 236 290 302 
-2 212 219 228 301 304 
2
-1 32 126 303 305 307 
-2 67 288 313 
15
-1 207 312 
-1 76 273 309 312 
-1 12 64 158 168 173 
-1 219 239 
-1 219 283 
-1 108 301 
-1 111 230 256 295 
-1 211 290 291 
-1 291 
-1 196 251 283 
-1 305 309 
-1 306 309 311 
-1 1 161 298 303 313 
-2 108 236 289 304 
-2 133 236 258 
7
-1 47 301 309 
-1 252 289 
-1 281 297 
-1 312 
-1 204 305 
-1 304 306 311 
-2 19 190 216 310 
8
-1 248 313 
-1 63 108 162 196 214 270 290 292 304 307 309 310 313 
-1 130 210 236 258 264 296 313 
-1 252 264 296 
-1 264 278 296 304 
-2 76 143 196 310 
-2 306 309 311 
-2 62 77 223 269 308 309 312 
2
-1 300 
-2 144 166 206 215 289 
10
-1 128 164 274 292 
-1 127 138 307 313 
-1 284 
-1 251 308 
-1 122 268 275 313 
-1 86 
-1 238 268 308 
-1 185 
-1 122 128 313 
-2 217 309 
2
-1 162 291 297 
-1 82 199 
4
-1 301 309 
-1 297 
-2 76 280 
-2 98 237 262 313 
3
-1 208 272 297 310 
-1 155 201 297 299 308 
-2 115 160 227 301 308 313 
5
-1 226 266 272 310 
-2 66 297 
-2 272 
-2 190 272 286 291 296 303 
-2 50 147 184 272 
2
-1 229 308 
-2 217 232 270 272 291 297 
9
-1 148 156 300 308 312 
-1 172 313 
-1 213 
-1 19 208 249 286 313 
-1 187 299 301 
-2 178 195 272 297 
-2 97 255 
-2 45 93 97 177 206 255 293 
-2 127 161 206 208 272 304 
16
-1 16 245 307 
-1 122 182 183 
-1 189 282 312 
-1 253 289 
-1 193 229 305 309 
-1 106 300 
-1 265 300 312 
-1 122 307 
-2 220 
-2 311 
-2 175 313 
-2 86 301 
-2 280 305 
-2 282 306 308 311 
-2 178 
-2 182 220 266 
3
-1 196 262 310 313 
-2 22 87 205 217 285 293 
-2 180 
7
-1 252 
-1 224 292 303 
-1 73 298 309 
-1 58 144 186 
-1 21 39 144 309 
-2 227 292 
-2 99 292 
9
-1 32 224 289 290 306 311 
-1 265 312 
-1 286 
-2 106 
-2 100 236 289 292 
-2 136 200 
-2 261 307 
-2 136 200 
-2 136 254 
2
-1 51 205 298 308 312 
-2 119 262 298 308 312 313 
6
-1 13 301 313 
-1 111 223 230 238 268 281 307 308 312 
-1 121 215 295 298 311 313 
-1 68 227 
-1 121 208 244 257 293 295 309 310 
-2 227 244 288 302 
25
-1 90 
-1 90 
-1 307 
-1 122 313 
-1 230 312 313 
-1 302 313 
-1 165 
-1 81 278 
-1 97 100 213 236 304 313 
-1 228 
-1 4 152 233 312 
-1 311 
-1 136 151 200 313 
-1 93 159 193 
-1 125 195 211 281 285 291 311 
-1 41 96 167 203 235 294 300 
-1 178 236 
-1 37 76 118 120 180 181 257 
-1 111 230 256 
-2 312 
-2 251 305 
-2 58 251 313 
-2 249 291 
-2 152 241 244 285 312 
-2 97 161 167 236 255 313 
9
-1 14 312 
-1 171 
-1 154 263 299 
-1 10 276 312 
-2 235 264 291 296 311 
-2 109 268 305 310 
-2 98 272 289 
-2 35 45 57 109 281 312 
-2 112 195 
5
-1 292 
-2 48 139 147 193 
-2 155 193 
-2 55 
-2 7 160 188 262 292 293 313 
11
-1 293 
-2 40 79 234 
-2 48 95 
-2 79 206 208 272 
-2 197 272 
-2 59 88 164 313 
-2 208 244 253 286 
-2 104 
-2 132 
-2 107 298 313 
-2 103 168 283 
6
-1 262 274 313 
-1 188 209 
-1 266 
-1 274 
-2 241 
-2 266 
2
-1 7 208 229 249 275 306 307 311 312 313 
-2 65 287 
3
-1 74 229 260 276 306 309 311 312 
-2 5 29 137 304 306 311 
-2 275 305 308 
2
-1 257 290 308 
-2 154 299 
2
-1 126 310 
-2 249 270 310 
4
-1 85 275 
-2 131 222 306 311 
-2 26 82 228 281 283 302 304 313 
-2 68 85 232 276 283 288 292 302 304 313 
5
-1 237 
-1 116 129 155 262 295 
-2 35 44 113 123 134 163 164 202 243 258 278 283 303 312 
-2 85 202 305 310 
-2 60 105 117 124 156 191 202 299 
2
-1 160 309 
-1 116 219 228 275 304 308 309 310 313 
5
-1 265 282 301 308 309 
-2 42 217 221 
-2 205 238 242 
-2 3 64 
-2 256 
2
-1 300 310 
-1 247 277 300 310 
2
-1 44 150 247 262 301 
-2 194 
4
-1 310 
-1 104 
-1 143 262 298 
-1 28 266 
2
-2 56 177 205 279 312 
-2 104 119 241 267 276 295 
7
-1 207 215 221 231 273 276 277 278 284 313 
-1 81 283 284 
-1 204 298 304 306 311 313 
-1 118 120 263 284 293 308 
-1 129 255 
-1 215 271 
-2 61 139 150 238 267 277 300 304 306 310 311 313 
20
-1 36 126 151 228 
-1 247 263 276 288 307 313 
-1 69 92 298 306 311 
-1 43 77 113 149 179 295 
-1 293 298 
-1 130 246 264 278 313 
-1 60 106 263 300 
-1 193 207 305 
-1 41 118 293 308 
-1 153 
-1 174 247 248 
-2 148 247 250 261 277 313 
-2 3 
-2 175 206 250 
-2 118 120 254 313 
-2 72 99 288 304 
-2 99 247 302 304 310 
-2 244 
-2 304 
-2 72 
6
-1 47 245 263 
-1 231 260 309 312 
-1 34 158 179 
-2 140 247 
-2 250 
-2 158 257 264 296 
5
-1 146 154 163 248 260 265 273 299 308 309 
-1 241 
-1 156 289 
-1 23 197 266 269 308 
-2 181 264 296 305 308 313 
6
-1 257 284 
-1 142 168 288 
-1 142 304 
-1 213 284 304 
-2 210 278 301 
-2 68 113 116 130 142 181 253 264 278 313 
5
-1 125 178 191 229 301 
-1 130 181 225 246 264 285 313 
-2 302 313 
-2 226 313 
-2 77 158 173 223 230 313 
5
-1 84 149 
-2 101 143 166 169 220 254 266 267 311 313 
-2 104 279 295 
-2 107 134 313 
-2 23 187 
2
-1 149 156 260 269 295 305 307 309 312 313 
-2 92 101 137 138 156 166 179 212 220 257 260 269 298 303 313 
9
-1 111 213 216 238 256 299 305 308 
-2 184 235 311 
-2 46 216 
-2 231 
-2 260 
-2 23 107 235 241 285 
-2 6 53 62 188 235 241 
-2 3 6 46 53 137 220 226 241 252 262 286 
-2 23 274 
6
-1 247 313 
-1 305 313 
-2 220 
-2 134 175 263 313 
-2 313 
-2 73 
6
-1 85 149 156 220 259 271 282 289 297 305 311 312 
-2 183 255 264 283 289 
-2 166 
-2 80 81 307 313 
-2 119 149 305 
-2 80 288 
8
-1 156 309 
-2 71 84 166 
-2 90 261 
-2 101 131 
-2 101 287 
-2 166 
-2 68 94 238 260 312 
-2 261 
4
-1 27 174 247 260 276 309 
-2 234 307 
-2 92 304 
-2 313 
4
-1 20 170 253 312 
-1 256 260 276 312 
-1 97 133 231 235 261 278 284 310 
-2 56 235 
4
-1 64 110 179 209 309 
-1 192 219 237 303 
-1 12 86 259 280 312 
-2 110 179 
3
-1 169 228 290 307 308 311 
-2 75 220 285 
-2 241 266 267 274 293 294 313 
7
-1 20 118 181 240 259 305 307 309 
-1 118 180 206 293 
-1 263 282 
-1 126 
-1 85 284 
-2 161 175 179 219 298 306 309 311 313 
-2 298 
3
-1 211 245 291 
-2 25 26 287 304 313 
-2 146 
13
-1 302 313 
-1 113 149 159 252 253 264 271 296 298 300 305 308 313 
-1 146 159 163 
-1 196 223 281 312 
-1 152 312 
-1 49 310 
-1 51 70 119 147 
-1 6 53 274 290 301 308 
-1 147 238 241 294 295 299 302 
-2 236 304 312 
-2 277 
-2 184 
-2 119 312 
3
-1 16 157 248 284 289 290 291 292 304 
-1 265 291 
-2 216 265 291 
2
-1 154 171 186 263 299 300 
-2 193 242 258 312 
3
-1 113 276 277 278 281 289 312 
-2 101 105 215 283 303 
-2 294 305 313 
7
-1 312 
-1 209 306 311 
-1 231 304 
-2 160 277 281 287 313 
-2 1 227 247 294 302 304 
-2 223 268 312 
-2 210 215 296 
26
-1 202 300 
-1 76 235 300 
-1 240 
-1 170 194 273 292 312 313 
-1 207 223 
-1 290 
-1 8 260 276 283 287 312 
-1 302 
-1 304 
-1 284 304 
-1 167 313 
-1 93 167 305 313 
-1 93 290 305 
-1 93 290 300 
-1 290 305 
-1 93 196 
-1 159 287 305 
-1 66 136 200 239 308 
-1 276 309 
-1 56 161 167 219 269 308 
-1 163 273 284 313 
-2 31 91 256 
-2 31 299 
-2 91 108 305 
-2 250 305 308 309 
-2 160 302 
-2
-1 75 124 130 156 198 217 225 254 312 313 
-2 230 273 281 312 
-2
-1 32 224 292 
-2 20 80 87 95 165 193 201 230 236 255 257 
-8
-1 142 304 
-2 127 140 177 257 277 278 302 304 
-2 210 225 227 288 297 302 303 311 
-2 6 190 288 303 
-2 190 275 288 
-2 164 236 285 302 
-2 236 304 
-2 217 285 292 
-8
-1 204 
-1 204 251 
-1 149 308 
-1 84 289 
-2 247 277 
-2 203 289 293 304 
-2 288 313 
-2 247 
-12
-1 156 284 300 
-1 212 227 
-1 300 
-2 177 260 262 312 313 
-2 104 199 257 
-2 13 147 227 313 
-2 243 295 
-2 109 166 187 243 295 303 
-2 109 202 243 281 313 
-2 298 303 313 
-2 110 127 247 250 303 313 
-2 101 273 303 312 313 
-3
-1 149 174 247 307 313 
-2 34 110 113 131 172 187 243 250 251 278 296 310 313 
-2 72 172 205 220 256 295 299 312 
-2
-1 213 310 
-2 23 266 267 
-3
-1 186 245 
-2 127 195 277 298 302 
-2 236 
-3
-1 73 202 211 248 284 291 300 
-1 69 184 188 199 216 262 312 313 
-2 39 188 
-2
-1 134 265 276 306 307 308 309 311 
-2 188 232 235 
-12
-1 19 102 233 242 309 310 
-2 112 230 313 
-2 46 95 226 
-2 226 
-2 66 112 217 279 313 
-2 53 104 
-2 297 
-2 274 279 297 
-2 21 172 232 288 302 313 
-2 47 81 267 
-2 160 
-2 103 168 199 222 
-7
-1 154 290 309 
-2 79 286 
-2 229 
-2 229 
-2 198 283 
-2 33 176 241 266 267 279 295 
-2 104 132 232 
-3
-1 187 222 279 287 308 
-1 186 212 275 297 301 313 
-2 97 284 311 
-9
-1 207 260 273 276 280 284 
-1 11 80 130 159 210 254 305 313 
-1 130 203 225 265 313 
-1 130 285 296 313 
-1 68 70 174 176 236 287 
-1 297 
-2 38 169 243 287 302 
-2 243 287 
-2 76 207 257 293 311 312 
-11
-1 301 309 
-1 227 282 302 
-1 270 272 310 
-1 181 246 264 
-1 236 252 264 296 
-1 114 210 216 258 264 296 309 
-1 155 210 258 264 
-2 90 210 258 
-2 313 
-2 197 245 
-2 250 288 
-2
-1 79 
-2 90 244 258 285 313 
-9
-1 48 274 
-1 266 267 
-1 99 143 298 313 
-1 52 143 176 
-1 45 
-1 143 253 
-1 51 144 252 289 308 
-2 48 143 261 279 
-2 143 
-11
-1 17 45 54 134 275 293 303 311 313 
-1 108 175 180 275 293 307 313 
-1 234 
-1 118 120 207 254 287 293 311 
-2 141 253 
-2 311 313 
-2 35 163 243 253 
-2 76 163 207 229 293 311 
-2 253 293 
-2 118 218 293 
-2 118 
-7
-1 202 300 
-1 37 120 181 300 
-1 287 293 
-1 87 118 180 224 287 293 313 
-1 128 
-2 209 234 287 293 303 
-2 280 
-2
-1 60 118 134 153 202 254 287 289 293 300 
-2 134 205 215 289 293 
-5
-1 32 293 298 
-1 233 310 
-1 51 94 163 281 287 293 
-1 39 
-2 103 
-3
-1 16 293 307 309 310 
-1 284 
-1 184 293 
-4
-1 254 
-1 4 37 224 275 293 307 313 
-2 141 
-2 37 120 287 293 
-6
-1 59 70 298 
-1 218 253 
-1 183 305 
-2 195 
-2 88 178 195 218 253 289 292 313 
-2 303 304 
-2
-1 248 305 309 
-2 174 214 234 
-3
-1 234 309 
-1 48 112 
-1 79 102 217 298 309 
-8
-1 0 61 169 170 223 269 273 289 295 298 299 306 307 309 311 313 
-1 122 142 155 214 218 248 267 271 305 307 313 
-2 62 105 118 287 293 
-2 180 
-2 118 120 313 
-2 180 293 
-2 88 120 180 198 293 313 
-2 261 
-2
-1 2 230 297 305 306 307 308 309 311 
-2 171 216 281 
-2
-1 189 192 203 229 257 267 289 307 312 
-2 292 304 
-5
-1 282 
-2 213 264 291 296 300 
-2 7 100 293 311 
-2 196 291 310 313 
-2 236 291 303 310 
-2
-1 217 259 
-1 162 191 301 308 
-3
-1 247 275 302 
-2 166 182 286 297 313 
-2 147 172 272 290 310 
-4
-1 174 199 214 255 266 286 291 296 313 
-1 88 89 255 295 313 
-1 160 309 
-2 261 
-27
-1 163 199 224 313 
-1 218 234 257 287 290 313 
-1 186 
-1 5 127 303 304 
-1 189 247 284 
-1 290 
-1 218 242 272 295 
-1 193 216 305 
-1 20 228 304 308 
-1 281 
-1 3 304 
-1 196 
-1 133 196 246 296 310 
-1 105 228 
-1 177 263 312 
-1 175 198 207 215 257 282 298 306 308 311 313 
-1 95 140 224 313 
-2 12 43 193 216 305 
-2 91 304 
-2 304 
-2 113 133 296 
-2 113 204 219 
-2 142 304 
-2 91 113 219 290 302 
-2 12 
-2 228 304 
-2 51 128 174 281 298 
-4
-1 254 
-2 196 
-2 18 52 66 279 
-2 14 119 279 303 
-7
-1 136 200 225 
-1 300 307 
-1 9 185 249 
-1 211 291 
-1 264 296 
-1 309 
-2 29 234 311 312 313 
-6
-1 136 200 
-1 265 309 312 
-1 259 
-1 185 249 
-2 191 306 311 
-2 289 307 311 312 313 
-2
-1 125 229 308 
-2 2 258 306 311 
-2
-1 42 221 281 302 310 312 313 
-2 42 132 221 
-2
-1 9 185 211 227 272 281 291 297 301 302 311 312 
-2 146 163 
-8
-1 10 
-1 274 309 
-1 189 223 312 
-1 16 292 294 
-1 42 217 
-1 42 192 199 259 313 
-1 136 200 211 
-2 152 220 232 253 280 312 
-9
-1 10 
-1 42 138 199 303 
-1 189 
-1 16 60 
-1 42 223 292 294 312 
-1 220 
-2 48 220 253 
-2 137 226 232 244 
-2 152 195 312 
-12
-1 312 313 
-1 68 165 307 
-1 154 204 248 280 299 
-1 21 56 281 302 312 
-1 42 
-1 4 42 147 201 234 309 
-2 47 222 223 261 
-2 160 281 
-2 179 230 273 
-2 223 312 313 
-2 218 249 270 272 
-2 17 218 269 270 272 283 
-4
-1 237 282 310 
-1 218 305 308 309 
-2 142 286 304 310 
-2 14 121 127 138 
-5
-1 150 245 
-2 177 293 311 
-2 22 311 
-2 205 274 
-2 88 177 198 277 286 311 313 
-5
-1 245 301 
-2 177 264 277 296 
-2 264 296 
-2 168 
-2 193 277 
-2
-1 245 301 
-2 295 298 303 311 313 
-2
-1 216 
-2 7 180 293 311 
-2
-1 11 200 211 225 242 
-2 146 152 244 261 273 312 
-2
-1 207 211 223 282 291 300 308 312 
-2 103 145 183 234 
-3
-1 73 202 218 238 250 254 308 311 312 
-2 93 94 238 
-2 30 78 105 109 218 223 236 245 250 282 308 
-9
-1 290 307 312 
-2 176 183 222 279 
-2 242 266 294 
-2 6 70 242 255 266 
-2 82 261 
-2 171 268 
-2 303 
-2 283 
-2 103 192 252 259 280 
-4
-1 300 
-2 143 
-2 108 143 232 269 
-2 155 183 
-4
-1 300 
-2 90 143 300 
-2 108 143 183 269 
-2 232 
-6
-1 143 
-1 108 143 232 269 313 
-2 143 232 
-2 13 232 240 
-2 155 269 
-2 63 79 103 132 
-3
-1 109 202 268 282 
-2 273 
-2 51 158 
-5
-1 170 273 
-1 134 
-1 136 200 239 307 
-1 313 
-2 226 283 311 
-8
-1 198 265 273 313 
-1 305 308 
-2 242 
-2 177 254 
-2 254 293 
-2 175 253 
-2 23 148 183 220 
-2 119 280 
-6
-1 208 242 270 310 
-1 216 265 281 312 
-1 136 200 231 304 
-2 216 311 
-2 22 95 292 
-2 38 45 159 305 
-2
-1 74 231 307 310 312 
-1 309 
-22
-1 92 139 302 
-1 231 
-1 106 152 176 312 
-1 305 
-1 159 305 
-1 256 268 
-1 164 
-1 251 312 
-1 106 146 171 245 263 281 300 
-1 45 153 237 282 283 303 308 
-1 32 128 134 224 275 
-1 61 253 271 
-1 84 271 
-1 57 84 299 
-1 14 187 199 234 
-1 38 271 
-1 84 309 
-2 261 
-2 52 70 82 220 253 
-2 14 53 108 164 
-2 205 
-2 46 108 238 269 
-5
-1 69 300 
-2 94 267 285 
-2 188 
-2 69 262 
-2 23 217 274 
-36
-1 110 307 
-1 312 
-1 74 240 248 312 
-1 236 242 270 272 289 
-1 2 203 313 
-1 309 310 
-1 147 310 
-1 78 109 215 254 259 288 302 304 310 313 
-1 208 257 271 288 
-1 229 308 
-1 117 248 269 
-1 243 251 
-1 133 285 288 296 302 313 
-1 313 
-1 58 93 254 310 311 
-1 114 254 282 293 
-1 313 
-1 313 
-2 91 238 
-2 103 111 219 299 
-2 169 
-2 27 56 238 294 
-2 207 240 257 282 289 304 307 311 
-2 152 195 312 
-2 109 152 153 215 274 312 
-2 152 209 299 308 312 
-2 98 
-2 68 
-2 24 159 244 305 
-2 53 220 222 274 
-2 89 222 
-2 220 
-2 220 
-2 162 303 
-2 57 196 251 269 
-2 109 152 230 312 
-6
-1 312 
-1 30 264 270 278 285 296 306 307 311 
-1 6 265 282 302 308 
-1 17 143 
-2 311 
-2 261 
-4
-1 248 
-1 147 190 250 302 
-2 18 228 279 301 
-2 36 301 313 
-5
-1 114 228 288 302 
-1 57 67 83 178 190 250 263 271 287 
-1 106 232 242 263 310 
-2 246 258 
-2 41 67 152 153 312 
-5
-1 307 
-1 309 312 
-1 178 
-1 277 288 307 
-2 67 258 
-17
-1 186 301 309 
-1 86 114 143 228 313 
-1 142 189 218 271 
-1 36 122 218 313 
-1 99 130 136 161 200 225 302 309 313 
-1 0 14 87 192 221 313 
-1 277 284 289 290 
-1 61 239 254 294 306 311 
-1 0 36 113 122 151 311 313 
-1 36 231 311 313 
-1 259 
-2 31 86 261 295 
-2 113 187 238 
-2 160 185 
-2 2 15 130 181 246 255 258 264 277 278 283 313 
-2 208 214 270 309 310 
-2 271 283 
-7
-1 115 203 
-1 49 195 242 288 290 310 313 
-1 67 153 189 199 
-1 61 114 139 161 189 201 228 288 309 312 
-2 37 67 93 137 181 215 220 237 241 264 296 311 
-2 220 282 305 
-2 50 72 
-4
-1 144 215 268 274 
-1 231 240 273 276 299 306 308 311 
-1 16 32 89 151 212 
-2 197 219 228 
-5
-1 126 
-1 190 
-1 9 96 185 
-1 114 197 219 228 240 274 301 313 
-2 279 301 
-19
-1 4 51 74 273 
-1 63 
-1 201 218 231 268 
-1 8 92 137 304 
-1 226 277 
-1 36 232 287 288 
-1 295 299 309 
-1 34 230 
-1 83 154 
-1 261 
-1 67 153 170 215 
-2 67 
-2 119 170 
-2 41 280 308 
-2 27 164 224 299 
-2 61 187 299 
-2 238 309 
-2 160 241 261 311 
-2 15 246 258 264 296 
-10
-1 226 311 
-2 313 
-2 172 291 310 313 
-2 291 310 
-2 73 235 291 310 313 
-2 57 243 313 
-2 313 
-2 118 120 180 192 313 
-2 125 141 313 
-2 150 
-4
-1 52 79 307 
-1 143 
-1 177 310 
-1 213 299 
-2
-1 237 248 295 299 306 308 311 
-2 91 142 203 295 304 
-6
-1 157 193 251 
-1 26 133 134 296 304 
-1 277 302 309 
-2 133 169 197 210 252 258 278 296 304 309 
-2 91 133 162 165 197 257 261 296 302 304 
-2 91 92 97 179 253 261 278 295 304 
-14
-1 259 302 
-1 121 129 215 255 257 
-1 34 162 164 221 299 309 
-1 187 252 
-1 146 233 
-1 6 99 213 302 309 
-1 162 306 308 311 
-1 150 178 225 228 284 306 311 
-1 275 301 303 313 
-1 121 271 
-1 309 
-1 37 120 180 255 
-1 259 
-2 313 
-11
-1 98 236 302 313 
-1 221 303 
-1 312 313 
-1 312 313 
-1 97 234 
-1 187 234 
-1 43 304 
-1 301 
-2 209 
-2 25 71 74 234 235 240 280 
-2 76 235 286 
-3
-1 130 278 284 307 313 
-1 177 270 
-2 116 313 
-19
-1 17 252 
-1 11 30 201 204 298 299 302 306 311 312 313 
-1 176 313 
-1 17 75 76 125 229 235 
-1 125 150 167 229 310 
-1 196 208 233 270 310 
-1 163 249 272 
-1 190 249 306 311 
-1 154 299 308 
-1 156 204 216 261 
-1 67 
-1 84 149 204 295 299 
-2 50 125 141 167 210 216 229 278 304 
-2 203 210 278 304 
-2 124 156 182 191 223 260 294 304 312 
-2 106 153 169 237 280 
-2 92 105 118 120 137 182 235 303 
-2 85 151 182 240 292 294 302 
-2 182 193 278 296 
-9
-1 309 310 
-1 129 199 240 255 271 298 
-1 197 203 219 290 304 
-1 77 99 
-2 191 229 305 
-2 34 
-2 142 304 
-2 162 290 313 
-2 268 306 311 
-2
-1 68 239 284 289 304 307 309 310 
-2 51 94 103 150 158 212 234 298 305 306 308 311 
-3
-1 146 171 
-1 276 307 
-2 169 172 235 
-3
-1 297 310 
-1 251 308 
-2 284 
-4
-1 309 
-1 148 307 
-1 122 128 251 287 294 305 
-1 19 210 218 249 259 285 294 
-5
-1 128 
-2 101 156 287 303 311 
-2 266 
-2 193 227 277 285 304 
-2 168 266 267 
-30
-1 89 129 162 187 255 274 313 
-1 12 18 108 164 255 295 
-1 108 249 
-1 19 291 296 
-1 33 64 179 232 
-1 255 
-1 255 302 
-1 206 262 272 287 303 313 
-1 89 129 162 255 287 302 
-1 282 287 309 
-1 234 294 299 
-1 149 157 308 
-1 227 302 313 
-1 309 310 312 
-1 152 280 311 312 
-1 275 282 299 305 310 313 
-1 235 259 
-1 100 153 215 
-1 152 263 312 
-1 271 308 309 310 
-1 121 244 271 
-1 266 271 275 
-1 309 310 
-1 133 296 309 310 
-2 283 
-2 2 191 304 
-2 228 
-2 2 182 
-2 2 5 72 278 296 302 
-2 133 296 309 310 
-7
-1 86 126 274 
-1 52 160 279 301 
-1 313 
-1 279 
-1 58 87 116 160 301 313 
-1 279 
-1 63 
-3
-1 309 
-1 153 203 237 280 
-2 275 313 
-18
-1 203 272 
-1 20 123 
-1 172 212 272 275 
-1 270 
-1 129 167 270 284 
-1 270 310 
-1 122 218 242 272 
-1 39 47 272 
-1 47 
-2 65 
-2 122 242 270 
-2 252 275 313 
-2 40 119 251 269 290 312 313 
-2 119 
-2 297 
-2 270 275 
-2 218 
-2 55 92 192 270 
-4
-1 81 191 229 305 308 312 
-1 150 201 
-1 140 141 167 175 204 236 258 264 293 296 306 311 313 
-2 132 165 250 289 292 
-7
-1 294 306 311 
-1 254 282 
-1 281 312 
-1 158 196 251 305 308 
-1 12 99 290 
-1 23 137 217 313 
-2 54 93 137 283 297 305 
-8
-1 283 
-1 210 227 232 
-2 210 227 313 
-2 143 144 227 313 
-2 218 313 
-2 53 104 144 313 
-2 52 183 
-2 52 119 279 
-3
-1 306 308 311 
-2 61 205 222 293 
-2 205 
-4
-1 4 142 149 206 233 255 279 301 309 312 313 
-2 31 44 64 78 105 107 111 169 187 190 191 226 257 258 271 272 274 278 293 296 297 303 
-2 23 224 292 297 313 
-2 63 95 187 190 274 297 
-15
-1 5 313 
-1 208 242 270 
-1 215 247 288 313 
-1 290 313 
-1 309 312 
-1 298 311 313 
-1 171 263 281 
-1 247 302 
-1 247 268 
-1 141 167 197 247 304 
-1 58 87 144 290 313 
-1 290 305 
-1 279 301 309 
-1 86 240 
-2 47 305 
-9
-1 300 
-1 213 308 
-1 224 292 
-2 12 66 
-2 216 
-2 61 206 
-2 308 
-2 63 308 
-2 274 
-4
-1 181 241 264 290 296 309 311 
-1 208 233 272 310 
-1 221 272 302 313 
-2 221 266 272 286 291 296 297 
-13
-1 203 
-1 202 282 305 308 
-1 213 
-2 94 203 250 285 304 
-2 187 311 
-2 198 254 311 
-2 219 311 
-2 304 311 
-2 174 206 
-2 49 205 237 288 293 311 313 
-2 64 
-2 298 306 311 313 
-2 222 277 288 313 
-5
-1 222 
-1 10 238 294 
-1 138 253 307 
-2 39 112 261 
-2 166 212 278 286 289 304 313 
-8
-1 87 156 300 313 
-1 201 
-1 155 300 
-2 27 31 82 191 295 299 
-2 27 294 299 313 
-2 27 298 299 
-2 2 31 243 
-2 31 38 140 284 290 
-4
-1 19 291 296 297 308 
-1 128 150 212 313 
-2 89 275 
-2 213 
-5
-1 191 301 
-2 245 262 279 286 311 313 
-2 177 235 262 312 313 
-2 18 63 81 241 279 283 
-2 128 266 
-7
-1 151 241 
-1 174 182 222 247 
-1 24 110 145 170 213 257 265 284 287 309 312 
-1 127 230 238 248 256 287 
-2 213 268 271 294 299 
-2 203 300 304 
-2 204 221 
-9
-1 71 300 312 
-2 295 299 
-2 94 295 
-2 4 188 241 313 
-2 235 
-2 116 144 203 275 304 
-2 94 216 304 
-2 8 179 272 
-2 94 249 
-4
-1 274 297 309 310 
-1 142 226 257 291 296 310 
-1 212 
-2 195 246 296 
-2
-1 297 300 312 
-2 147 190 251 
-2
-1 81 148 307 
-2 127 166 277 313 
-2
-1 273 308 
-2 264 274 296 
-8
-1 48 252 288 
-1 147 180 220 286 311 
-1 118 120 293 
-1 48 173 180 276 303 
-1 48 50 87 198 278 
-1 46 107 276 
-1 48 107 232 276 279 
-2 266 267 
-18
-1 290 301 
-1 257 284 
-1 64 105 246 291 296 
-1 245 299 308 312 
-1 230 295 
-1 157 249 255 262 313 
-1 257 286 304 
-1 258 
-1 199 278 279 304 
-1 102 229 305 308 
-2 205 303 311 
-2 175 293 313 
-2 311 
-2 48 180 245 280 
-2 180 310 
-2 107 180 276 294 310 
-2 48 50 107 279 286 
-2 66 176 298 313 
-9
-1 90 
-1 72 136 200 223 231 240 276 307 312 
-1 248 304 
-1 278 303 307 308 
-1 133 296 309 310 
-1 131 248 295 
-1 68 79 98 290 313 
-2 167 305 
-2 229 251 286 
-2
-1 79 87 143 
-1 12 143 
-4
-1 312 
-1 182 294 305 
-2 116 144 303 
-2 184 301 313 
-3
-1 234 301 
-1 152 236 280 312 
-2 35 42 83 
-5
-1 309 
-2 299 
-2 57 96 145 212 299 305 312 
-2 75 76 98 183 313 
-2 7 48 104 129 294 313 
-2
-1 171 207 230 263 307 308 
-2 183 242 272 
-3
-1 171 263 273 300 
-2 183 272 313 
-2 313 
-4
-1 222 252 295 
-1 252 
-1 86 220 
-2 86 
-11
-1 25 75 139 187 311 312 
-2 128 274 
-2 286 
-2 128 294 
-2 94 241 306 311 
-2 47 84 286 
-2 198 
-2 184 237 295 303 313 
-2 128 164 250 
-2 69 70 187 
-2 13 187 253 302 313 
-2
-1 295 303 
-2 115 132 149 215 237 241 295 313 
-5
-1 1 184 257 
-1 308 
-1 275 
-1 269 278 296 305 
-2 308 313 
-4
-1 300 
-1 300 305 
-1 233 308 
-2 177 209 
-2
-2 28 60 101 142 166 249 288 289 310 313 
-2 28 166 
-3
-1 128 193 204 207 300 305 306 307 309 311 
-2 40 227 250 277 288 313 
-2 277 303 313 
-4
-1 270 289 297 309 
-1 259 
-2 266 267 279 
-2 52 89 104 116 119 176 279 283 
-4
-1 211 246 278 291 309 
-2 250 303 312 
-2 64 124 137 179 
-2 132 247 310 313 
-3
-1 65 187 290 
-2 75 262 312 
-2 247 283 
-5
-1 241 252 
-1 271 291 310 
-1 88 197 236 272 291 310 
-1 138 151 241 252 
-1 196 237 310 
-6
-1 150 260 300 312 
-1 98 119 197 203 221 293 
-1 34 203 290 295 
-1 155 247 312 313 
-1 300 312 313 
-2 30 95 167 247 313 
-2
-1 69 107 125 168 209 220 232 235 244 247 252 262 266 267 273 274 279 288 295 300 303 313 
-2 125 269 274 289 295 
-4
-1 15 24 31 125 207 229 246 256 264 273 278 281 296 300 305 306 308 311 313 
-2 207 
-2 269 
-2 161 
-5
-1 102 125 133 179 211 229 246 265 291 297 301 308 310 
-2 210 219 268 269 278 304 305 
-2 61 206 208 214 249 
-2 8 277 312 313 
-2 312 313 
-5
-1 78 106 152 203 280 311 312 
-1 117 126 269 299 
-1 43 79 143 184 
-1 116 290 
-2 40 180 182 
