1
6009 10013 4968 4216 8278 354 5371 1052 8844 7380 1052 376 
1
738 1872 1912 4094 5226 4984 9389 6009 3195 10185 10103 4094 5226 4089 4017 5394 6571 5371 1052 2880 8766 738 
2
1584 3553 3553 429 4222 7744 
1557 2744 1584 4222 
2
1584 2194 3625 7251 4446 9479 
4053 5394 5307 2194 9479 1584 4420 9530 5484 6275 9599 2027 
4
1548 4222 3553 1668 1798 7206 1215 
9124 3625 4222 5960 3553 6275 7803 
5960 3547 9124 3625 
5960 3547 1584 3553 6368 6335 
20
1584 2194 4854 
5267 4106 9518 6958 2629 4194 
5959 612 7738 3118 
5959 6114 
937 5456 2442 3553 
9518 3625 173 
7566 1402 4381 4984 
4008 
2744 2744 4089 8954 1584 4984 
2130 82 7138 3011 7946 6985 457 
4094 5394 10065 6982 2194 9479 3681 5 4055 4788 
2267 8278 354 7738 9389 6009 6867 3907 
8439 1422 7066 5119 429 7858 
3907 6867 7780 5646 9234 1270 4968 2116 
3229 3625 2470 6642 9191 457 6829 4344 5203 896 7930 
5437 3060 3907 3553 5585 
3707 7853 329 3907 4216 4742 3553 
2024 2130 8905 6114 8769 2130 8329 8183 
7734 10185 1647 
9854 5983 7858 5334 10185 4179 
22
1548 1153 9479 6945 
82 2484 8905 9479 2442 9214 10185 
2744 5715 10185 8198 
10185 7780 7655 9124 3625 
3907 6571 
9124 3625 1836 8556 7544 2266 9479 3855 3625 
3553 4222 
2657 9479 4222 
7544 8766 1257 6030 3922 1501 9479 10143 7066 8429 
7066 8429 3553 7930 9479 
9479 4476 1039 8701 9871 10185 7389 457 
4222 3553 7138 9614 7615 3350 428 5968 10185 7655 6030 10185 10185 1098 7780 
3888 4222 5 4055 
2744 5715 4222 868 7222 2744 465 
4266 465 5662 2123 8701 4089 5482 6030 7511 7212 5339 
7930 2708 9530 7655 4420 2105 81 
1215 4138 2130 2131 429 5120 2405 81 8234 
10074 2130 7655 9530 4420 8330 9479 
3907 
5542 9385 5437 3060 734 2744 5715 5437 3060 3907 2130 
7966 3595 10185 1060 3907 3423 3527 3574 
1274 7772 9005 8572 2744 3846 5662 9541 3846 10185 4089 
17
10185 9479 4538 6719 1148 6712 4216 
10185 4017 4990 8664 4216 2331 2611 
10185 9479 7566 8091 4984 4222 
81 692 2498 7655 9453 
10185 9124 3625 4222 4720 7780 6741 10185 3011 9776 5866 4222 
8664 7138 10185 9560 4957 10185 9479 4216 5084 5481 
10185 
6030 4051 988 3922 7738 535 
6982 6875 5960 9534 4861 3748 
3553 5394 3297 1865 9243 823 
10185 6092 2744 5334 8198 2744 3846 
5010 8198 4520 2234 
10185 
7380 4984 8279 7884 6030 6903 
1257 8279 4089 200 10185 2237 7066 5119 2194 10090 9477 2237 8699 1085 2131 
4053 6271 5334 4041 2131 429 5120 
2131 7667 9871 2131 1501 
9
4222 9479 
10065 2912 
4713 
5962 3553 5394 3907 4017 5330 3611 9479 
4222 2744 5715 
7544 9479 8926 2194 
4053 8380 3611 
3601 5 1257 4984 1483 5226 9581 60 3754 5146 1257 4984 1483 5226 
7566 8905 7480 9516 8380 9479 465 82 7566 8905 5153 7323 3429 8380 9479 
9
9479 2281 4017 
8075 2194 3855 1548 9191 9174 
823 9479 2923 9191 7780 9479 
2421 2130 
4222 3553 
7862 9747 9018 10185 4216 10185 10185 5330 
977 10044 7640 
2267 4713 8798 
7780 5095 5914 4583 2194 9479 6512 
2
7138 9479 7858 7544 8110 7423 8860 3789 
8107 7858 8860 3789 
6
7445 9479 
887 7686 
4222 3553 9252 7738 5866 
3625 10065 
836 7738 7655 7477 926 3350 940 
3553 1574 7738 3553 3625 5095 2130 9479 
4
7582 9479 2199 7875 3625 4720 3544 
8279 6030 2199 9647 2125 255 8279 3907 10185 7875 7380 
465 3081 4227 9389 6009 3553 3195 10065 3553 7640 
4975 4551 7858 465 868 5299 5950 9479 2742 465 
4
1548 4222 3553 1668 1798 7206 1215 
9124 3625 4222 5960 3553 6275 7803 
5960 3547 9124 3625 
5960 3547 1584 3553 6368 6335 
20
1584 2194 4854 
5267 4106 9518 6958 2629 4194 
5959 612 7738 3118 
5959 6114 
937 5456 2442 3553 
9518 3625 173 
7566 1402 4381 4984 
4008 
2744 2744 4089 8954 1584 4984 
2130 82 7138 3011 7946 6985 457 
4094 5394 10065 6982 2194 9479 3681 5 4055 4788 
2267 8278 354 7738 9389 6009 6867 3907 
8439 1422 7066 5119 429 7858 
3907 6867 7780 5646 9234 1270 4968 2116 
3229 3625 2470 6642 9191 457 6829 4344 5203 896 7930 
5437 3060 3907 3553 5585 
3707 7853 329 3907 4216 4742 3553 
2024 2130 8905 6114 8769 2130 8329 8183 
7734 10185 1647 
9854 5983 7858 5334 10185 4179 
22
1548 1153 9479 6945 
82 2484 8905 9479 2442 9214 10185 
2744 5715 10185 8198 
10185 7780 7655 9124 3625 
3907 6571 
9124 3625 1836 8556 7544 2266 9479 3855 3625 
3553 4222 
2657 9479 4222 
7544 8766 1257 6030 3922 1501 9479 10143 7066 8429 
7066 8429 3553 7930 9479 
9479 4476 1039 8701 9871 10185 7389 457 
4222 3553 7138 9614 7615 3350 428 5968 10185 7655 6030 10185 10185 1098 7780 
3888 4222 5 4055 
2744 5715 4222 868 7222 2744 465 
4266 465 5662 2123 8701 4089 5482 6030 7511 7212 5339 
7930 2708 9530 7655 4420 2105 81 
1215 4138 2130 2131 429 5120 2405 81 8234 
10074 2130 7655 9530 4420 8330 9479 
3907 
5542 9385 5437 3060 734 2744 5715 5437 3060 3907 2130 
7966 3595 10185 1060 3907 3423 3527 3574 
1274 7772 9005 8572 2744 3846 5662 9541 3846 10185 4089 
17
10185 9479 4538 6719 1148 6712 4216 
10185 4017 4990 8664 4216 2331 2611 
10185 9479 7566 8091 4984 4222 
81 692 2498 7655 9453 
10185 9124 3625 4222 4720 7780 6741 10185 3011 9776 5866 4222 
8664 7138 10185 9560 4957 10185 9479 4216 5084 5481 
10185 
6030 4051 988 3922 7738 535 
6982 6875 5960 9534 4861 3748 
3553 5394 3297 1865 9243 823 
10185 6092 2744 5334 8198 2744 3846 
5010 8198 4520 2234 
10185 
7380 4984 8279 7884 6030 6903 
1257 8279 4089 200 10185 2237 7066 5119 2194 10090 9477 2237 8699 1085 2131 
4053 6271 5334 4041 2131 429 5120 
2131 7667 9871 2131 1501 
9
4222 9479 
10065 2912 
4713 
5962 3553 5394 3907 4017 5330 3611 9479 
4222 2744 5715 
7544 9479 8926 2194 
4053 8380 3611 
3601 5 1257 4984 1483 5226 9581 60 3754 5146 1257 4984 1483 5226 
7566 8905 7480 9516 8380 9479 465 82 7566 8905 5153 7323 3429 8380 9479 
9
9479 2281 4017 
8075 2194 3855 1548 9191 9174 
823 9479 2923 9191 7780 9479 
2421 2130 
4222 3553 
7862 9747 9018 10185 4216 10185 10185 5330 
977 10044 7640 
2267 4713 8798 
7780 5095 5914 4583 2194 9479 6512 
2
7138 9479 7858 7544 8110 7423 8860 3789 
8107 7858 8860 3789 
6
7445 9479 
887 7686 
4222 3553 9252 7738 5866 
3625 10065 
836 7738 7655 7477 926 3350 940 
3553 1574 7738 3553 3625 5095 2130 9479 
4
7582 9479 2199 7875 3625 4720 3544 
8279 6030 2199 9647 2125 255 8279 3907 10185 7875 7380 
465 3081 4227 9389 6009 3553 3195 10065 3553 7640 
4975 4551 7858 465 868 5299 5950 9479 2742 465 
3
4222 9479 
2394 6190 6497 4092 9479 4420 9530 
2130 429 5120 10085 6605 6208 2564 429 8506 2131 
6
4907 6152 738 5962 3553 5394 
9214 4282 7291 2773 4216 
7704 4282 7291 7996 3547 383 4324 9479 9510 
8982 3014 9497 3060 3527 7291 3060 3907 8183 
354 9462 10185 10185 44 1257 354 9445 7380 2077 354 354 6672 5122 2744 8198 4797 2130 428 
9124 2912 4885 3553 
1
1584 1097 2818 4222 91 5866 3553 3423 9124 8406 4216 6203 1584 4089 6030 9479 7378 
1
4968 3553 1557 2744 2736 1584 7930 1548 3571 200 1798 2267 
6
2130 5950 9479 
10185 7380 2775 6390 6030 1501 7780 8595 200 8556 9124 1270 354 6030 10185 7380 2775 5539 3907 6030 
10185 7380 2775 1760 4094 7738 1932 1548 
3601 217 5748 9518 9124 3625 7761 
7772 6000 6605 1439 3553 7638 1236 
6051 1439 4022 9516 1847 759 10179 5051 
6
4222 9479 7907 4216 5394 
7858 4854 7734 
2266 8117 4926 
2744 4254 1236 6982 
3625 1584 1148 9234 
4227 
4
9479 10065 3553 
4008 4222 528 429 
4094 4222 
4420 3667 3207 10077 6605 6051 
4
8075 10060 2010 3907 429 9479 5553 
4053 4776 429 
3553 10085 6605 1439 512 6972 
8278 535 9479 7985 6867 5649 
3
4222 9479 
2394 6190 6497 4092 9479 4420 9530 
2130 429 5120 10085 6605 6208 2564 429 8506 2131 
6
4907 6152 738 5962 3553 5394 
9214 4282 7291 2773 4216 
7704 4282 7291 7996 3547 383 4324 9479 9510 
8982 3014 9497 3060 3527 7291 3060 3907 8183 
354 9462 10185 10185 44 1257 354 9445 7380 2077 354 354 6672 5122 2744 8198 4797 2130 428 
9124 2912 4885 3553 
1
1584 1097 2818 4222 91 5866 3553 3423 9124 8406 4216 6203 1584 4089 6030 9479 7378 
1
4968 3553 1557 2744 2736 1584 7930 1548 3571 200 1798 2267 
6
2130 5950 9479 
10185 7380 2775 6390 6030 1501 7780 8595 200 8556 9124 1270 354 6030 10185 7380 2775 5539 3907 6030 
10185 7380 2775 1760 4094 7738 1932 1548 
3601 217 5748 9518 9124 3625 7761 
7772 6000 6605 1439 3553 7638 1236 
6051 1439 4022 9516 1847 759 10179 5051 
6
4222 9479 7907 4216 5394 
7858 4854 7734 
2266 8117 4926 
2744 4254 1236 6982 
3625 1584 1148 9234 
4227 
4
9479 10065 3553 
4008 4222 528 429 
4094 4222 
4420 3667 3207 10077 6605 6051 
4
8075 10060 2010 3907 429 9479 5553 
4053 4776 429 
3553 10085 6605 1439 512 6972 
8278 535 9479 7985 6867 5649 
10
618 2911 5011 2194 906 5140 
8556 4782 3553 
7907 9155 5682 
2130 9172 6208 9687 
4089 
1274 10185 3907 8198 4701 
1245 7772 3907 
10185 2744 5715 
9294 10185 2123 2744 
7686 10185 7780 4891 8198 6030 
12
7383 734 984 2024 
5553 10185 3276 429 
10185 1881 429 4008 1584 
8266 4216 9601 5255 7112 5585 
5 595 5 
9479 4166 9599 4420 512 
740 4797 2744 10185 10103 9214 7621 4094 10185 4140 4094 6030 
1584 7894 5 8266 4094 8279 
9510 3030 6650 
3195 4216 7655 3195 937 2208 9214 
5590 9510 7380 7599 2208 843 9214 
4348 4089 1257 
2
4480 9479 2267 
4222 4216 1168 7042 
6
2267 9479 6009 1548 6697 2744 6030 
2267 5 9479 4235 5721 9479 7862 465 
3553 4222 9124 3625 8117 6335 2136 3553 6982 
1647 7862 9479 6736 2744 10169 3644 9560 2131 8699 
7862 6697 6736 6009 9191 6390 9479 101 
6741 4094 9479 5985 
24
4222 9479 3886 
9479 7894 6697 3553 3007 5585 
4094 9479 7907 
9479 9827 5553 10185 3276 5119 2131 8699 
5611 10185 1881 429 4008 
465 5553 2381 10185 1881 465 2381 10185 1881 
9479 4372 4216 843 9599 
465 865 2123 
3423 9478 8110 10185 10185 1685 
496 2744 10185 9288 
9479 9477 2744 
465 2744 8083 4003 4140 9174 
4140 8198 3846 
7138 2744 
8429 9560 
10185 9124 2744 5715 9871 1635 9124 
6159 9479 8110 10185 354 2130 7686 4216 8976 9234 
4885 9389 6009 
9479 1899 9124 2912 3855 
10185 10185 2949 1245 9619 4216 
9479 9510 
1668 1257 9510 5682 2040 
9479 7894 7761 9214 
4094 9479 734 984 9479 4094 10185 10009 843 8364 6585 9401 2131 8699 10185 3470 
9
7747 9479 6096 
6554 
1026 1026 
7849 3553 117 2130 82 
3224 465 9479 
7849 3553 1548 
1201 7380 843 3571 5338 3565 5696 575 
4179 2082 9479 
465 
9
7862 1889 7402 7295 
1561 2563 3553 617 
4759 5095 322 4179 9479 6942 
10185 3625 1584 8278 535 
4017 4008 4222 3553 7386 6225 6165 8577 8976 9234 
8844 7349 6030 7350 4381 10185 
3553 2239 3553 4775 
9479 6584 9191 1648 
9560 6584 3553 8515 9560 9238 10185 
6
7930 6152 
5 8266 7849 
9385 6030 
9385 6030 
7205 1201 
3907 10147 1233 6114 
6
9155 4257 9155 9510 1548 6982 3553 9385 6030 5010 
1584 738 9479 3855 
9479 4266 527 7380 
1548 6554 1507 7380 8279 9479 6030 
66 3816 2979 8278 5 6030 6203 8989 
3527 3553 9336 2374 3060 164 
5
9479 7849 3553 10185 465 9822 9479 
2267 
5444 
4222 3789 
2130 
10
618 2911 5011 2194 906 5140 
8556 4782 3553 
7907 9155 5682 
2130 9172 6208 9687 
4089 
1274 10185 3907 8198 4701 
1245 7772 3907 
10185 2744 5715 
9294 10185 2123 2744 
7686 10185 7780 4891 8198 6030 
12
7383 734 984 2024 
5553 10185 3276 429 
10185 1881 429 4008 1584 
8266 4216 9601 5255 7112 5585 
5 595 5 
9479 4166 9599 4420 512 
740 4797 2744 10185 10103 9214 7621 4094 10185 4140 4094 6030 
1584 7894 5 8266 4094 8279 
9510 3030 6650 
3195 4216 7655 3195 937 2208 9214 
5590 9510 7380 7599 2208 843 9214 
4348 4089 1257 
2
4480 9479 2267 
4222 4216 1168 7042 
6
2267 9479 6009 1548 6697 2744 6030 
2267 5 9479 4235 5721 9479 7862 465 
3553 4222 9124 3625 8117 6335 2136 3553 6982 
1647 7862 9479 6736 2744 10169 3644 9560 2131 8699 
7862 6697 6736 6009 9191 6390 9479 101 
6741 4094 9479 5985 
24
4222 9479 3886 
9479 7894 6697 3553 3007 5585 
4094 9479 7907 
9479 9827 5553 10185 3276 5119 2131 8699 
5611 10185 1881 429 4008 
465 5553 2381 10185 1881 465 2381 10185 1881 
9479 4372 4216 843 9599 
465 865 2123 
3423 9478 8110 10185 10185 1685 
496 2744 10185 9288 
9479 9477 2744 
465 2744 8083 4003 4140 9174 
4140 8198 3846 
7138 2744 
8429 9560 
10185 9124 2744 5715 9871 1635 9124 
6159 9479 8110 10185 354 2130 7686 4216 8976 9234 
4885 9389 6009 
9479 1899 9124 2912 3855 
10185 10185 2949 1245 9619 4216 
9479 9510 
1668 1257 9510 5682 2040 
9479 7894 7761 9214 
4094 9479 734 984 9479 4094 10185 10009 843 8364 6585 9401 2131 8699 10185 3470 
9
7747 9479 6096 
6554 
1026 1026 
7849 3553 117 2130 82 
3224 465 9479 
7849 3553 1548 
1201 7380 843 3571 5338 3565 5696 575 
4179 2082 9479 
465 
9
7862 1889 7402 7295 
1561 2563 3553 617 
4759 5095 322 4179 9479 6942 
10185 3625 1584 8278 535 
4017 4008 4222 3553 7386 6225 6165 8577 8976 9234 
8844 7349 6030 7350 4381 10185 
3553 2239 3553 4775 
9479 6584 9191 1648 
9560 6584 3553 8515 9560 9238 10185 
6
7930 6152 
5 8266 7849 
9385 6030 
9385 6030 
7205 1201 
3907 10147 1233 6114 
6
9155 4257 9155 9510 1548 6982 3553 9385 6030 5010 
1584 738 9479 3855 
9479 4266 527 7380 
1548 6554 1507 7380 8279 9479 6030 
66 3816 2979 8278 5 6030 6203 8989 
3527 3553 9336 2374 3060 164 
5
9479 7849 3553 10185 465 9822 9479 
2267 
5444 
4222 3789 
2130 
7
2194 9479 2602 2949 
1548 6982 5010 6982 7380 4965 
1236 6982 4094 5394 6982 227 
2194 3625 6982 3553 6741 
2744 428 9479 
1052 9479 5371 1052 5140 
7380 4965 1052 2112 
9
4222 3553 6697 
2194 2736 
4094 4222 6863 5394 988 
8117 2744 2024 9517 
7862 3846 10185 9446 2744 
9516 2684 4179 6084 3553 4222 988 
2267 2744 9462 3846 
4053 6942 
9415 4984 2130 4008 
6
7907 4094 
1093 9035 
6982 5394 
7761 9214 9252 1257 4984 7289 
2818 3553 8234 10185 10185 9688 8234 
8937 2130 9172 6741 7401 9479 
3
9479 4222 3553 3789 1143 
10185 2232 3633 3748 
3625 9389 535 6584 2037 3553 8663 6982 
12
9479 8701 1647 9479 1514 1548 9385 1584 4984 
4739 4017 2131 9155 9816 4420 81 9155 
6051 10185 1881 2564 429 7212 4235 3458 10185 2232 4017 
10185 3553 206 5353 4008 1548 
9479 3103 8117 9479 
9214 5982 7951 2773 10186 9234 7686 9479 2078 10185 2232 
843 2744 6815 
1257 786 7222 2123 1557 1501 
4278 4216 4891 8198 10185 2219 786 2744 
595 10085 1193 8736 5390 10085 2082 7222 2744 
8117 
2744 8117 
5
4222 3789 26 9535 3681 1912 7383 5 7383 7738 
5808 9479 4064 3637 1584 
9479 8926 7930 
5950 4017 9415 
7426 3601 9415 4008 3700 
8
535 3553 4222 2818 
6942 4984 1912 4094 5353 4094 937 1584 9234 
4094 1122 4634 7936 6497 1252 3970 5891 2017 8439 1122 9599 267 2421 2130 6866 
9479 1242 4701 
4089 1507 10147 7380 2442 3553 10185 10185 843 
9871 9479 10185 843 
2130 4748 1042 10081 6489 10185 2131 429 4183 
6982 1557 2744 465 10085 2123 9479 1236 1713 10185 3553 8701 9288 4094 
7
9479 2078 8349 2232 4476 
896 354 7738 10065 7780 9389 2028 
1912 4094 5353 8990 4984 
6982 653 5512 9658 
9035 7875 5866 9777 3553 9479 4222 
5960 3547 428 
7655 1557 2744 
3
1584 3553 10185 26 9535 
1584 3789 7761 2131 4515 9389 10185 3553 9368 
21 2646 7383 7738 9022 2564 429 
7
609 10009 
7907 9389 6009 5353 
7372 
4782 652 9560 
2024 2744 5715 
7930 9871 7 4094 9479 
2765 
9
1584 1653 8680 3565 4222 6584 10185 6218 5960 9124 1548 4254 4222 2744 5715 
4222 3297 2194 
7738 1760 7181 7260 5960 3547 5585 6933 8421 8279 9479 2657 
1684 10185 2795 
10185 4271 
843 4094 7738 1548 8680 
8798 1257 2130 4094 7738 
8414 5721 
4751 1847 10185 7780 623 8278 8141 8796 
23
2267 9479 
4222 3002 5394 
9389 6009 3681 10065 
1236 4254 9836 4222 4720 6208 
10185 9560 4222 2037 652 3195 7907 
2267 1684 612 
3929 1684 7655 5962 6605 4854 7655 6922 1668 6605 
8791 609 10009 
2116 9197 734 5255 
1912 4094 1236 7579 4984 
4260 9510 5697 8957 2266 6667 9871 5255 1187 8324 
3933 8180 1723 8180 
2130 6584 2037 6114 1245 
5648 5255 513 5662 8279 3625 1684 
1483 221 4984 1578 10185 6193 1684 
1193 200 1584 513 734 200 5697 
1684 7655 734 6605 4854 5255 513 734 2245 6605 6697 
8957 664 2116 9166 513 2116 4790 9479 
4181 5255 460 8772 734 
2795 8957 460 8772 7990 
2795 7092 6933 
2415 4931 6599 9530 7990 3147 9530 
9854 7738 2130 4183 
1
4017 5394 7907 652 9560 1684 9560 9445 7907 4094 5394 7655 1684 5481 6605 5050 1016 9510 5697 9155 9445 5193 9510 7761 
1
2267 9510 7761 9155 8844 8278 354 1912 4094 3789 
11
609 10009 1912 4094 5704 6152 9234 9124 7655 9560 7563 4413 
7544 595 4121 4455 9672 
10043 7138 9024 2281 8278 2232 
5602 612 1963 10185 4216 
7858 5942 595 3789 4455 9672 
3789 3789 7423 
1665 
7655 9560 7066 4455 
1584 6792 9560 426 1684 8321 2541 7655 7323 3007 3789 
4854 737 4854 9776 3007 3789 3952 
7247 
8
4222 9479 1548 5674 4515 7 8429 8143 
3376 2359 7480 2266 4017 5394 9477 1016 
1016 1999 4515 9124 2912 1016 2194 7185 
1912 4094 2130 4984 
9854 5960 5866 7 2421 2130 3852 6866 
1052 3866 6719 2655 2024 7667 612 
7240 10124 4094 7738 1236 6982 
7205 200 9854 7738 9214 9854 4094 
5
4222 200 1684 227 9560 2583 8205 4094 4782 5553 661 8278 354 6030 1774 6982 
9214 10185 354 3900 2535 3900 1343 10185 
609 10009 
3294 3002 6985 731 4094 7738 2130 4790 3769 
9479 4053 
1
609 10009 1634 4235 2234 9479 1548 200 9479 5255 1163 4968 3553 5394 8278 354 3553 7121 10065 
13
4222 3553 
9560 9415 4008 4094 
4094 5394 4222 
6030 7272 
609 4260 7738 6069 6982 
1548 2923 6223 6030 3553 642 
4017 329 6667 10185 7761 9214 
4089 4017 7894 
9389 6009 4222 4885 6815 9510 
618 4017 5394 6950 6982 9479 9599 
4089 8279 354 6554 8772 2130 8371 2602 3553 
8113 
9336 948 6030 10089 8713 
2
7930 738 4222 
3147 4984 3553 7738 7383 7738 5226 4089 6834 7738 
14
7858 3789 2911 
9479 7206 1215 7497 
1944 904 6982 9479 7640 
4041 3207 
8117 10185 4179 9479 2324 3681 4462 3553 
5762 4008 465 7219 1330 5542 2452 8113 5542 
7497 904 9479 6982 4216 2130 2436 9479 6660 465 
6605 8117 
1215 9479 4008 
465 6672 5122 5390 
6208 725 937 9479 
4462 228 9191 3846 6660 4520 
4420 4520 228 
7138 10033 2517 2131 9479 
7
9479 4222 3855 4222 4017 5394 4222 4094 5394 
6982 4094 6982 4017 4854 
9479 3865 8556 6584 
9035 3855 
2684 858 3400 2267 
2131 8699 6982 
4455 2130 9374 8699 
11
457 2130 9479 3575 
1647 1302 4106 1574 
4304 7780 4094 9497 5978 4381 2694 
8595 5390 618 7858 6942 3789 
5394 3553 7583 6030 10065 
227 10185 2232 9479 6982 5394 3743 
3527 7780 7373 5977 4051 988 37 7640 7289 
2267 8278 5394 9479 8330 5808 2572 7640 2130 9440 
9479 4816 2684 8278 2010 2131 8699 5119 
227 9479 5394 734 8278 7686 
2130 6741 3865 496 5808 5394 
10
7930 7206 1215 4816 7761 9214 9479 
3553 5394 7650 3325 7206 
9479 7930 9610 9987 6030 1548 2082 9479 8278 
6037 361 6268 988 7771 
3248 1557 7290 2744 6982 9401 
5307 8875 740 3846 
4420 9873 3846 
7655 6605 7650 5542 4462 10179 3553 
8156 4222 7907 6605 10185 3245 
3553 5394 2130 3633 7603 3553 
11
1514 7930 1584 1862 9479 7380 3565 1548 
3907 1557 4089 2195 5312 
1514 10147 3907 6982 10185 1060 7930 9479 2643 5950 9479 3907 10074 
1236 6982 9776 7738 2220 4117 4094 7738 
7149 2116 
4017 5394 
1514 5914 4885 4216 8349 354 6030 
9120 2130 3405 4216 6368 9835 8115 4861 3324 2535 7852 
10185 4149 1600 3591 10185 7419 9789 1938 4216 3360 9479 
5767 4854 2744 3846 8198 4420 81 4094 81 6801 2498 4462 7019 5611 7138 10185 2027 5460 
9031 6030 91 2643 
2
2194 738 
7862 1215 2267 
5
9479 5146 4381 4984 5146 6030 3553 207 
1038 7780 6030 6675 3553 
4017 9415 7350 4455 8595 4420 8198 81 2130 8117 9599 4089 
2121 4797 4420 81 7716 8198 7136 10085 8193 10185 8639 
81 8198 9479 
5
9479 
6208 1735 4720 3147 6950 9479 8198 4420 9530 
9479 4420 81 9477 8198 10147 81 
6875 9599 4420 10185 9530 7350 7138 3846 2307 
4053 3103 4552 
12
5615 
2130 2112 9479 948 82 
1668 1548 4008 5674 
3553 7849 
6605 9479 1584 1548 
6605 1439 4017 9479 9816 3495 6950 4840 
3789 2130 7271 9479 
7849 3553 4222 2744 5715 5646 1548 
283 3789 8439 1422 2564 429 2037 
4455 2130 2121 4797 
6584 2037 
8198 9599 
4
9479 4713 4252 6982 4017 5394 2194 3855 3015 3527 6584 5960 3625 1584 
4260 9510 4008 
4720 3553 1548 1798 
3865 2234 5 3601 5950 3855 4266 4053 4455 
2
734 7744 1584 6605 3667 8221 9336 6030 759 4216 4003 9288 
5 
5
2024 2744 5715 
1548 3571 7738 
3625 2912 2194 5629 7738 2130 2194 3553 
9214 1236 5962 4094 9453 
2130 7426 5456 7780 
7
7907 2744 5715 4946 4257 4089 
7780 10185 3553 7599 2744 5715 
9518 2912 10185 1257 4984 2757 4222 7206 3667 3292 7738 
4094 4008 6982 5394 
623 9124 3625 5371 9124 3625 2470 5585 
4720 7380 6571 5642 2194 5845 4103 3601 217 
4089 
4
8791 9479 
1584 2116 10186 3553 
7907 4984 3789 
354 10185 8421 6936 
4
2130 4476 9658 2194 6152 
9479 9389 9214 7349 
2623 35 9385 4216 5330 
4089 5762 7780 9479 2024 7780 
1
7930 1548 1557 2744 2024 2744 5715 4222 3553 5394 9124 2912 2708 3907 2131 4634 6866 7380 5960 3553 2194 4422 381 
1
6152 10185 9124 3625 6742 8782 2131 354 10185 9155 3297 4089 4222 8782 3565 6982 8043 4017 6030 6387 4017 5394 3601 217 6982 4094 6584 3625 6745 2470 6742 2130 7138 2131 8699 9166 3907 6387 377 5585 4649 4094 5394 6584 2131 8699 354 10185 7852 2131 5345 5972 6599 5371 3002 1052 376 4089 8091 7380 3625 6261 511 460 3625 
6
9479 1236 1584 
5394 4216 7907 4183 3490 9479 9479 9658 6152 
6009 10013 2194 9103 
2234 858 2131 8699 7066 5119 4254 10185 3550 3490 3553 
8556 4853 9479 2131 5345 
8905 2112 948 3613 4089 2655 
4
4222 3553 5394 2116 9124 
91 872 6982 
4053 9510 4701 9510 5962 6009 
9510 5173 5542 
5
2024 2744 5715 
1548 3571 7738 
3625 2912 2194 5629 7738 2130 2194 3553 
9214 1236 5962 4094 9453 
2130 7426 5456 7780 
7
7907 2744 5715 4946 4257 4089 
7780 10185 3553 7599 2744 5715 
9518 2912 10185 1257 4984 2757 4222 7206 3667 3292 7738 
4094 4008 6982 5394 
623 9124 3625 5371 9124 3625 2470 5585 
4720 7380 6571 5642 2194 5845 4103 3601 217 
4089 
4
8791 9479 
1584 2116 10186 3553 
7907 4984 3789 
354 10185 8421 6936 
4
2130 4476 9658 2194 6152 
9479 9389 9214 7349 
2623 35 9385 4216 5330 
4089 5762 7780 9479 2024 7780 
1
7930 1548 1557 2744 2024 2744 5715 4222 3553 5394 9124 2912 2708 3907 2131 4634 6866 7380 5960 3553 2194 4422 381 
1
6152 10185 9124 3625 6742 8782 2131 354 10185 9155 3297 4089 4222 8782 3565 6982 8043 4017 6030 6387 4017 5394 3601 217 6982 4094 6584 3625 6745 2470 6742 2130 7138 2131 8699 9166 3907 6387 377 5585 4649 4094 5394 6584 2131 8699 354 10185 7852 2131 5345 5972 6599 5371 3002 1052 376 4089 8091 7380 3625 6261 511 460 3625 
6
9479 1236 1584 
5394 4216 7907 4183 3490 9479 9479 9658 6152 
6009 10013 2194 9103 
2234 858 2131 8699 7066 5119 4254 10185 3550 3490 3553 
8556 4853 9479 2131 5345 
8905 2112 948 3613 4089 2655 
4
4222 3553 5394 2116 9124 
91 872 6982 
4053 9510 4701 9510 5962 6009 
9510 5173 5542 
5
2024 2744 5715 
1548 3571 7738 
3625 2912 2194 5629 7738 2130 2194 3553 
9214 1236 5962 4094 9453 
2130 7426 5456 7780 
7
7907 2744 5715 4946 4257 4089 
7780 10185 3553 7599 2744 5715 
9518 2912 10185 1257 4984 2757 4222 7206 3667 3292 7738 
4094 4008 6982 5394 
623 9124 3625 5371 9124 3625 2470 5585 
4720 7380 6571 5642 2194 5845 4103 3601 217 
4089 
4
8791 9479 
1584 2116 10186 3553 
7907 4984 3789 
354 10185 8421 6936 
4
2130 4476 9658 2194 6152 
9479 9389 9214 7349 
2623 35 9385 4216 5330 
4089 5762 7780 9479 2024 7780 
1
7930 1548 1557 2744 2024 2744 5715 4222 3553 5394 9124 2912 2708 3907 2131 4634 6866 7380 5960 3553 2194 4422 381 
1
6152 10185 9124 3625 6742 8782 2131 354 10185 9155 3297 4089 4222 8782 3565 6982 8043 4017 6030 6387 4017 5394 3601 217 6982 4094 6584 3625 6745 2470 6742 2130 7138 2131 8699 9166 3907 6387 377 5585 4649 4094 5394 6584 2131 8699 354 10185 7852 2131 5345 5972 6599 5371 3002 1052 376 4089 8091 7380 3625 6261 511 460 3625 
6
9479 1236 1584 
5394 4216 7907 4183 3490 9479 9479 9658 6152 
6009 10013 2194 9103 
2234 858 2131 8699 7066 5119 4254 10185 3550 3490 3553 
8556 4853 9479 2131 5345 
8905 2112 948 3613 4089 2655 
4
4222 3553 5394 2116 9124 
91 872 6982 
4053 9510 4701 9510 5962 6009 
9510 5173 5542 
2
7862 6184 2130 9601 684 513 6741 9479 7744 
9385 5437 3060 5585 6092 
8
9479 9747 1400 6529 6164 7761 9214 5950 9479 3417 7686 
3611 3855 4041 5585 4106 
10185 2232 4222 3855 3553 
9124 9022 1548 3553 3155 
4984 2344 7686 
8680 1548 
3865 6942 9479 3789 7996 
740 3846 8198 9599 6584 4552 2370 3352 
1
2194 3855 8266 4216 4713 354 5307 9798 6030 7686 
8
9479 4222 4216 
2267 6152 8798 4216 1912 5394 
4222 3625 5759 1912 2498 
9518 9124 3625 2066 5960 
9479 10185 1647 2912 937 5330 
7761 2130 217 9449 9479 6949 6936 
5290 4216 
4720 7896 4420 1557 4294 
5
1557 2744 6982 5715 
9385 5010 6030 9479 8449 8541 3054 1308 5990 10185 2232 3553 1584 3625 
9124 9234 6584 
3846 
8198 9599 4420 9530 
4
5950 9479 2234 906 1236 9111 91 5866 4216 9816 4017 4662 4984 6208 1257 1236 9527 
2744 8701 4216 8198 303 6875 2234 6780 2744 
457 10147 81 7655 
8782 2131 2744 740 3846 7655 4854 
7
7862 984 5808 4591 9398 
9948 10065 9518 8278 5394 3553 4222 5394 4094 6152 5615 2024 2744 5715 3907 6373 
6199 
3907 7622 5095 9389 6013 3574 10185 7289 1492 8912 8278 5394 465 7423 376 
8441 7309 4720 679 5542 4720 
4776 6613 9630 
1274 5 5226 4094 6829 6000 465 8853 7031 4222 5394 7423 7138 
8
4222 9479 8639 
4720 3611 9479 10185 2232 7996 
6731 7582 3677 
9516 2744 4776 8699 
9747 10185 4216 4094 3888 10185 2221 438 
6829 8380 4984 5 2130 8766 
2899 2130 5 2210 3297 2281 4094 3888 
2744 5715 2130 6741 9174 4720 872 
1
4222 6867 9234 6982 2116 6867 9155 937 9155 217 1548 200 2267 9479 
3
2130 7138 9479 7858 9479 7849 9479 
734 5255 10185 2949 
3553 8976 9234 4094 5394 1236 6982 
5
1584 9479 
9385 4984 
4183 7858 496 9124 3625 8906 937 8130 1270 6009 
5 95 8736 
3189 2791 4171 3297 9479 
1
4222 5394 3553 1548 6584 9124 887 
5
1548 3565 5629 4222 3553 
9510 7024 
9479 6009 2744 5715 2024 
6982 939 3644 
2024 8198 4089 2744 1597 5297 
6
6949 7416 9479 
617 5394 3118 8680 2412 8205 4222 4094 3888 
7862 10197 2131 8745 10185 3553 4140 8278 5394 4094 
4041 7623 807 3294 1052 4222 7640 9035 10013 222 3553 
2130 62 9794 
1052 3919 2037 6942 7744 
2
1584 9479 465 8278 8771 8075 3553 
7389 
4
5950 9479 2234 906 1236 9111 91 5866 4216 9816 4017 4662 4984 6208 1257 1236 9527 
2744 8701 4216 8198 303 6875 2234 6780 2744 
457 10147 81 7655 
8782 2131 2744 740 3846 7655 4854 
7
7862 984 5808 4591 9398 
9948 10065 9518 8278 5394 3553 4222 5394 4094 6152 5615 2024 2744 5715 3907 6373 
6199 
3907 7622 5095 9389 6013 3574 10185 7289 1492 8912 8278 5394 465 7423 376 
8441 7309 4720 679 5542 4720 
4776 6613 9630 
1274 5 5226 4094 6829 6000 465 8853 7031 4222 5394 7423 7138 
8
4222 9479 8639 
4720 3611 9479 10185 2232 7996 
6731 7582 3677 
9516 2744 4776 8699 
9747 10185 4216 4094 3888 10185 2221 438 
6829 8380 4984 5 2130 8766 
2899 2130 5 2210 3297 2281 4094 3888 
2744 5715 2130 6741 9174 4720 872 
1
4222 6867 9234 6982 2116 6867 9155 937 9155 217 1548 200 2267 9479 
3
2130 7138 9479 7858 9479 7849 9479 
734 5255 10185 2949 
3553 8976 9234 4094 5394 1236 6982 
5
1584 9479 
9385 4984 
4183 7858 496 9124 3625 8906 937 8130 1270 6009 
5 95 8736 
3189 2791 4171 3297 9479 
1
4222 5394 3553 1548 6584 9124 887 
5
1548 3565 5629 4222 3553 
9510 7024 
9479 6009 2744 5715 2024 
6982 939 3644 
2024 8198 4089 2744 1597 5297 
6
6949 7416 9479 
617 5394 3118 8680 2412 8205 4222 4094 3888 
7862 10197 2131 8745 10185 3553 4140 8278 5394 4094 
4041 7623 807 3294 1052 4222 7640 9035 10013 222 3553 
2130 62 9794 
1052 3919 2037 6942 7744 
2
1584 9479 465 8278 8771 8075 3553 
7389 
8
4222 9479 3553 5394 
1548 
1584 4984 6675 10169 
7430 
5674 9479 7430 5086 7686 7946 10185 3410 8981 382 5025 
2130 
7856 396 9560 107 2421 2130 396 
9479 6936 
11
6982 5394 6889 
836 5010 4094 6982 4003 6889 9016 1038 10089 3553 7738 3888 4094 937 6889 2532 6889 9479 57 759 3888 4094 
6982 5 5050 9479 2324 5394 5 9479 
7329 5 3601 2130 2370 9064 5394 5950 2370 5394 
2204 200 4720 6889 7380 4583 
7958 4183 5108 460 
8735 7380 3522 10089 381 
2744 3846 7716 740 4797 9599 7655 4420 81 
2130 9191 457 
8181 8183 3625 
4254 9479 6889 3284 
2
9479 1548 4222 2116 
9497 4843 5674 826 9479 6942 
7
3553 734 7686 
4055 3553 
6208 10120 4720 7582 3929 
1148 6203 3553 
2880 7 4235 
4446 7206 664 4216 9945 3060 2130 6223 
2130 8439 
8
9518 9124 3625 
8278 535 3611 7738 6030 7849 6152 6982 9479 
7222 434 2744 5 8278 
3553 1067 1574 
6584 4420 7716 8156 4662 6599 2484 9176 9479 7716 
4662 3727 2470 3625 
9176 2484 9560 1944 6601 4420 2206 8780 
868 
5
9385 4984 
3553 7849 
1548 
5146 2344 9214 7738 6678 2281 
5437 3060 2580 6009 3907 6373 3527 7996 
8
9124 3625 7849 
4422 4008 9479 
1798 5960 3553 
2024 2744 5715 
2267 
8556 6741 9479 9214 1574 
9479 6030 1574 2331 4505 6426 
4051 1574 4260 6030 1574 6030 
1
10185 2232 4103 3855 3011 2131 8278 354 4797 5353 7323 9389 6009 5095 7948 8269 9389 6009 6867 2331 4254 37 
11
887 2485 
2194 140 
8556 7849 
1584 9479 6584 5631 4103 7380 
1257 3007 2485 
1236 4216 1574 7780 
1257 6030 7884 
354 
954 2194 7716 465 9743 8699 2592 1215 8330 9743 8699 
1584 2744 2123 
2744 7152 
5
9479 4222 2267 4876 1668 7609 7875 3625 1668 
6295 9479 
3553 5394 4222 3122 
5 4094 7738 
2130 1245 5950 5808 
13
737 5067 9560 9389 4642 1067 
10185 9408 
609 1257 1668 8072 1501 9479 
609 9462 7738 6665 7738 
9385 207 7738 
6414 5631 1826 9389 6009 
8280 535 8540 9836 3601 5 1777 
7294 1912 4094 
9776 4798 6982 
6092 2744 2131 429 6426 
5 5226 1912 4094 
3553 623 609 986 5 
3907 1236 6936 
3
9385 6030 1584 4094 5226 1548 5 1548 7206 3667 7875 3625 9385 6030 
5 3007 4094 5226 81 9479 8198 9599 
2744 8198 
11
4103 5696 1147 
3993 7852 2580 6571 734 3789 2116 1796 1158 
3553 5394 2885 9479 10062 
7884 9602 9022 9214 3553 
9948 7445 
2375 4235 
8915 2024 9214 1557 
3011 5263 5871 5226 4094 
5449 6571 9719 
2024 3907 1557 1026 
3907 8075 9155 
6
7294 1912 4094 
2194 6982 3553 7761 9214 
2130 7138 4094 4094 1584 
10185 4094 9479 7761 9214 
1912 4094 9932 
10185 3470 429 429 7138 7084 5617 2130 5226 10185 4254 10185 9288 4094 10185 3933 
2
10185 10042 2580 10185 3707 10042 10185 6399 9318 10185 9479 2130 10185 10185 2949 10185 10185 349 9214 5084 10185 1891 429 4064 10185 652 9560 1236 5962 10185 9873 3419 9560 10185 3002 5394 7849 10185 10185 3410 9124 10185 5481 9898 
8156 10185 2421 2130 4053 734 9479 
5
9479 4802 1600 2253 4653 
9248 1158 4017 5394 8663 9076 6924 7597 10149 10186 4017 
10185 9560 652 6942 3748 2328 3748 2146 10185 3405 
734 5255 6671 9479 9560 3391 6942 5312 6753 
9343 4017 3107 10185 9560 7780 5481 7738 2130 9214 5084 
7
6295 4646 
3245 5766 4017 9479 2281 7907 4017 
9688 354 4984 4017 7852 8117 3399 4017 9415 5697 5542 914 4017 2331 
836 7884 5010 2281 4222 4017 
2643 9479 9022 609 1257 1668 5481 
9462 7884 4008 4222 
3553 10186 1600 3152 5950 6159 2643 9479 10186 6982 6159 
4
7042 737 3894 823 9560 4053 3855 4181 4194 9479 5808 
1163 9286 8556 4194 3404 7423 
4274 3789 6936 9535 9626 9535 8206 2693 9479 
6030 
5
9385 4381 4984 535 2279 1912 4094 
4958 4266 6719 5 1912 
9479 2130 4008 8016 
937 7780 6889 4017 329 9124 7780 4720 6889 
4591 496 3865 6199 5394 
7
7907 3553 9155 2657 9124 
1011 5 354 10185 7852 
609 1257 5338 8447 1999 9479 
3907 6261 2693 9479 5 2791 1548 
937 9479 937 5 4891 5871 2208 
937 9479 
2791 10185 4089 9479 4008 9574 9479 5299 5193 
4
9479 1584 
10185 2232 1257 6030 6982 6009 4216 
5 2791 
8328 4008 9035 
8
2234 
2024 4089 
9479 2736 609 4984 6982 3789 
9155 8844 9155 2024 2744 5715 
6982 4017 
9479 5649 8117 7206 
329 4017 
6368 4017 1233 
4
4222 3553 2116 5229 4222 
10103 1201 4618 6866 1647 
4216 2194 3297 329 4017 
4286 7599 4017 1012 
7
7907 3553 9155 2657 9124 
1011 5 354 10185 7852 
609 1257 5338 8447 1999 9479 
3907 6261 2693 9479 5 2791 1548 
937 9479 937 5 4891 5871 2208 
937 9479 
2791 10185 4089 9479 4008 9574 9479 5299 5193 
4
9479 1584 
10185 2232 1257 6030 6982 6009 4216 
5 2791 
8328 4008 9035 
8
2234 
2024 4089 
9479 2736 609 4984 6982 3789 
9155 8844 9155 2024 2744 5715 
6982 4017 
9479 5649 8117 7206 
329 4017 
6368 4017 1233 
4
4222 3553 2116 5229 4222 
10103 1201 4618 6866 1647 
4216 2194 3297 329 4017 
4286 7599 4017 1012 
4
7907 4813 7761 9214 9479 5950 3886 8279 7323 
2835 9560 9479 3118 1584 8540 5 
4222 4984 9214 5481 5084 
4089 7743 1361 5353 9719 1584 4984 
7
7907 9479 
7201 9719 8371 609 
1584 1257 5 
9234 9124 
4222 7383 
6084 9172 
8811 8556 
5
6982 3553 5394 6633 2116 4816 5674 10097 6866 3553 5353 3107 9510 6571 2270 10019 9876 1139 
8156 
2434 7789 4876 3907 7056 
1548 4053 4876 3907 
6605 6667 9479 3195 
12
1548 5674 7380 
3565 1548 5674 3571 
4755 7380 3220 6275 10185 4179 5866 
7323 
4008 6132 9479 8875 4164 
2123 2744 
6982 5644 
9124 217 4876 9124 1760 
10013 
7504 7996 
6605 
9124 2194 7149 618 8266 4216 
4
1798 7761 9214 9479 5866 6159 
1548 2788 1215 
1509 9477 2744 
7222 8278 3195 7134 
5
9155 4257 5117 4017 5394 4222 3002 1052 9035 7640 3118 9776 7738 10185 843 7884 
4720 6208 3544 556 5255 1684 1295 7487 9479 3084 3084 3084 6942 7138 7744 
4691 1274 4701 7780 7780 7349 3011 3907 6558 4876 3907 
9722 7738 7996 10185 10185 7780 843 2141 9214 5715 6889 642 
9155 1562 3054 8995 21 
3
4222 4017 5394 9385 7206 1668 5010 1257 5 3623 1257 9510 3623 5866 5585 1153 6982 3855 1548 7355 6584 2194 9389 7852 354 10185 3553 429 7930 3907 4089 9155 3297 7780 7780 4089 329 9510 4324 6009 9022 4260 9510 8421 5095 10185 1060 
9835 9718 7761 10140 5311 354 10185 3907 7780 7852 1435 1514 3855 3163 9243 3748 
8279 354 10185 9220 7852 8439 3748 3855 
4
3292 4222 9479 4008 
6867 4222 988 6009 8115 
9479 5628 1684 8069 2619 
9124 2130 3220 1684 3625 
2
6672 6982 9479 1912 3553 6982 3789 8540 5 4076 535 7138 4094 5866 8117 2130 2244 7862 8269 4984 1026 5 5226 3553 9510 9479 9510 7761 3553 392 
2130 5 4094 9035 6584 2327 8540 3601 5 1373 
12
8540 3601 5 4222 4984 
823 5197 9479 
9479 4041 734 7640 
5394 9946 4089 3789 7761 
496 9302 734 5 8435 535 823 3855 
1557 2744 
7383 7738 1236 6982 5962 6009 9387 
4885 
7380 3907 5353 2130 200 7738 6972 3907 
9898 1548 10179 9479 5820 2138 9479 2027 9302 
977 6571 3646 
3956 7222 2744 9302 2880 9336 1557 
5
2348 3907 756 4094 6867 
4094 10089 4885 756 
9806 1012 2693 6867 3699 8363 2693 7468 8745 7802 8193 4227 6949 
9031 2693 3884 
9234 9722 6867 3119 4475 10185 9288 5195 
3
7907 4984 
7383 5394 6982 4222 9124 3625 6982 2912 3553 
2194 1257 9510 
1
4222 4663 2194 4041 4106 5010 4041 10185 3553 8364 10185 3470 8699 10185 4149 4455 609 2744 5715 10185 9288 
6
3855 5394 3002 1938 
8278 5394 3553 6982 7383 7512 496 1243 4094 5226 
6889 7383 1439 5585 9479 2182 4064 1414 
6742 429 9479 2153 10185 7780 
6203 7134 1422 3907 9743 98 
4455 5 9214 4094 
1
8791 5950 9479 2194 7599 2572 793 7858 8556 1594 7138 10185 1881 2564 2131 429 465 6197 7780 
12
8429 
9479 4222 3553 1548 
2024 4089 9479 
5394 8278 7435 8541 
9854 4411 2139 10085 7423 5553 3574 
8396 9479 7271 2024 7780 
7946 4813 7138 10085 
6418 1027 3601 5 
10185 2912 
4260 4984 
8912 10089 9479 
2130 
10
9479 7849 
2082 
4222 3553 6982 988 
3625 9479 4222 2194 6584 
9385 5866 7849 
6009 10013 2194 
8556 3011 2131 7311 5282 3553 6257 
10185 2131 8699 
9477 2744 4716 7239 
4222 
8
4216 5394 4222 
8280 1050 2131 8699 6742 2130 7212 10185 4216 
4216 1584 9234 
5721 4222 988 
1584 3855 6584 2915 8330 
9479 3855 4041 4222 
2744 6982 4089 7222 8198 7716 3846 
5497 9479 4455 
1
4222 3553 1584 2744 5715 1548 6364 7738 1257 1668 9970 6418 9479 2130 8279 2131 8699 9479 9722 7738 6571 4701 4149 8435 
5
465 1163 5662 3294 7423 4235 3789 
3855 9731 9658 9238 
4802 2267 4260 7738 
3553 5394 4446 
9479 2953 
1
2267 3625 9479 7206 1215 4968 3553 4089 
1
3855 4984 5767 3789 3553 5394 7858 734 5 
7
1584 7703 1548 1668 7907 1557 2744 5715 3681 2123 2744 2311 3625 5026 1270 6009 6614 5330 3553 8117 1026 1257 7738 
7761 9214 2535 4089 381 8844 8572 7380 8572 10044 7640 6114 7386 7621 6741 3553 
1257 7738 641 4963 2266 
4422 4089 9510 6114 2397 7738 
2130 1201 6813 3030 7609 1501 8117 7761 9214 465 5950 9479 
4802 1215 6965 9479 
2890 9479 7212 7826 7896 8117 4591 
3
4222 9135 8639 3352 10185 10185 
3400 280 9479 3856 6867 6203 664 9389 6009 2880 
5 
10
5026 3553 
9389 6009 8115 1236 6982 
2130 6741 
9155 3553 3297 
2267 6084 
9535 9124 3625 
5437 
4282 5512 1852 
7497 
9854 
12
8429 
9479 4222 3553 1548 
2024 4089 9479 
5394 8278 7435 8541 
9854 4411 2139 10085 7423 5553 3574 
8396 9479 7271 2024 7780 
7946 4813 7138 10085 
6418 1027 3601 5 
10185 2912 
4260 4984 
8912 10089 9479 
2130 
10
9479 7849 
2082 
4222 3553 6982 988 
3625 9479 4222 2194 6584 
9385 5866 7849 
6009 10013 2194 
8556 3011 2131 7311 5282 3553 6257 
10185 2131 8699 
9477 2744 4716 7239 
4222 
8
4216 5394 4222 
8280 1050 2131 8699 6742 2130 7212 10185 4216 
4216 1584 9234 
5721 4222 988 
1584 3855 6584 2915 8330 
9479 3855 4041 4222 
2744 6982 4089 7222 8198 7716 3846 
5497 9479 4455 
1
4222 3553 1584 2744 5715 1548 6364 7738 1257 1668 9970 6418 9479 2130 8279 2131 8699 9479 9722 7738 6571 4701 4149 8435 
5
465 1163 5662 3294 7423 4235 3789 
3855 9731 9658 9238 
4802 2267 4260 7738 
3553 5394 4446 
9479 2953 
1
2267 3625 9479 7206 1215 4968 3553 4089 
1
3855 4984 5767 3789 3553 5394 7858 734 5 
7
1584 7703 1548 1668 7907 1557 2744 5715 3681 2123 2744 2311 3625 5026 1270 6009 6614 5330 3553 8117 1026 1257 7738 
7761 9214 2535 4089 381 8844 8572 7380 8572 10044 7640 6114 7386 7621 6741 3553 
1257 7738 641 4963 2266 
4422 4089 9510 6114 2397 7738 
2130 1201 6813 3030 7609 1501 8117 7761 9214 465 5950 9479 
4802 1215 6965 9479 
2890 9479 7212 7826 7896 8117 4591 
3
4222 9135 8639 3352 10185 10185 
3400 280 9479 3856 6867 6203 664 9389 6009 2880 
5 
10
5026 3553 
9389 6009 8115 1236 6982 
2130 6741 
9155 3553 3297 
2267 6084 
9535 9124 3625 
5437 
4282 5512 1852 
7497 
9854 
12
8429 
9479 4222 3553 1548 
2024 4089 9479 
5394 8278 7435 8541 
9854 4411 2139 10085 7423 5553 3574 
8396 9479 7271 2024 7780 
7946 4813 7138 10085 
6418 1027 3601 5 
10185 2912 
4260 4984 
8912 10089 9479 
2130 
10
9479 7849 
2082 
4222 3553 6982 988 
3625 9479 4222 2194 6584 
9385 5866 7849 
6009 10013 2194 
8556 3011 2131 7311 5282 3553 6257 
10185 2131 8699 
9477 2744 4716 7239 
4222 
8
4216 5394 4222 
8280 1050 2131 8699 6742 2130 7212 10185 4216 
4216 1584 9234 
5721 4222 988 
1584 3855 6584 2915 8330 
9479 3855 4041 4222 
2744 6982 4089 7222 8198 7716 3846 
5497 9479 4455 
1
4222 3553 1584 2744 5715 1548 6364 7738 1257 1668 9970 6418 9479 2130 8279 2131 8699 9479 9722 7738 6571 4701 4149 8435 
5
465 1163 5662 3294 7423 4235 3789 
3855 9731 9658 9238 
4802 2267 4260 7738 
3553 5394 4446 
9479 2953 
1
2267 3625 9479 7206 1215 4968 3553 4089 
1
3855 4984 5767 3789 3553 5394 7858 734 5 
7
1584 7703 1548 1668 7907 1557 2744 5715 3681 2123 2744 2311 3625 5026 1270 6009 6614 5330 3553 8117 1026 1257 7738 
7761 9214 2535 4089 381 8844 8572 7380 8572 10044 7640 6114 7386 7621 6741 3553 
1257 7738 641 4963 2266 
4422 4089 9510 6114 2397 7738 
2130 1201 6813 3030 7609 1501 8117 7761 9214 465 5950 9479 
4802 1215 6965 9479 
2890 9479 7212 7826 7896 8117 4591 
3
4222 9135 8639 3352 10185 10185 
3400 280 9479 3856 6867 6203 664 9389 6009 2880 
5 
10
5026 3553 
9389 6009 8115 1236 6982 
2130 6741 
9155 3553 3297 
2267 6084 
9535 9124 3625 
5437 
4282 5512 1852 
7497 
9854 
12
8429 
9479 4222 3553 1548 
2024 4089 9479 
5394 8278 7435 8541 
9854 4411 2139 10085 7423 5553 3574 
8396 9479 7271 2024 7780 
7946 4813 7138 10085 
6418 1027 3601 5 
10185 2912 
4260 4984 
8912 10089 9479 
2130 
10
9479 7849 
2082 
4222 3553 6982 988 
3625 9479 4222 2194 6584 
9385 5866 7849 
6009 10013 2194 
8556 3011 2131 7311 5282 3553 6257 
10185 2131 8699 
9477 2744 4716 7239 
4222 
8
4216 5394 4222 
8280 1050 2131 8699 6742 2130 7212 10185 4216 
4216 1584 9234 
5721 4222 988 
1584 3855 6584 2915 8330 
9479 3855 4041 4222 
2744 6982 4089 7222 8198 7716 3846 
5497 9479 4455 
1
4222 3553 1584 2744 5715 1548 6364 7738 1257 1668 9970 6418 9479 2130 8279 2131 8699 9479 9722 7738 6571 4701 4149 8435 
5
465 1163 5662 3294 7423 4235 3789 
3855 9731 9658 9238 
4802 2267 4260 7738 
3553 5394 4446 
9479 2953 
1
2267 3625 9479 7206 1215 4968 3553 4089 
1
3855 4984 5767 3789 3553 5394 7858 734 5 
7
1584 7703 1548 1668 7907 1557 2744 5715 3681 2123 2744 2311 3625 5026 1270 6009 6614 5330 3553 8117 1026 1257 7738 
7761 9214 2535 4089 381 8844 8572 7380 8572 10044 7640 6114 7386 7621 6741 3553 
1257 7738 641 4963 2266 
4422 4089 9510 6114 2397 7738 
2130 1201 6813 3030 7609 1501 8117 7761 9214 465 5950 9479 
4802 1215 6965 9479 
2890 9479 7212 7826 7896 8117 4591 
3
4222 9135 8639 3352 10185 10185 
3400 280 9479 3856 6867 6203 664 9389 6009 2880 
5 
10
5026 3553 
9389 6009 8115 1236 6982 
2130 6741 
9155 3553 3297 
2267 6084 
9535 9124 3625 
5437 
4282 5512 1852 
7497 
9854 
12
8429 
9479 4222 3553 1548 
2024 4089 9479 
5394 8278 7435 8541 
9854 4411 2139 10085 7423 5553 3574 
8396 9479 7271 2024 7780 
7946 4813 7138 10085 
6418 1027 3601 5 
10185 2912 
4260 4984 
8912 10089 9479 
2130 
10
9479 7849 
2082 
4222 3553 6982 988 
3625 9479 4222 2194 6584 
9385 5866 7849 
6009 10013 2194 
8556 3011 2131 7311 5282 3553 6257 
10185 2131 8699 
9477 2744 4716 7239 
4222 
8
4216 5394 4222 
8280 1050 2131 8699 6742 2130 7212 10185 4216 
4216 1584 9234 
5721 4222 988 
1584 3855 6584 2915 8330 
9479 3855 4041 4222 
2744 6982 4089 7222 8198 7716 3846 
5497 9479 4455 
1
4222 3553 1584 2744 5715 1548 6364 7738 1257 1668 9970 6418 9479 2130 8279 2131 8699 9479 9722 7738 6571 4701 4149 8435 
5
465 1163 5662 3294 7423 4235 3789 
3855 9731 9658 9238 
4802 2267 4260 7738 
3553 5394 4446 
9479 2953 
1
2267 3625 9479 7206 1215 4968 3553 4089 
1
3855 4984 5767 3789 3553 5394 7858 734 5 
7
1584 7703 1548 1668 7907 1557 2744 5715 3681 2123 2744 2311 3625 5026 1270 6009 6614 5330 3553 8117 1026 1257 7738 
7761 9214 2535 4089 381 8844 8572 7380 8572 10044 7640 6114 7386 7621 6741 3553 
1257 7738 641 4963 2266 
4422 4089 9510 6114 2397 7738 
2130 1201 6813 3030 7609 1501 8117 7761 9214 465 5950 9479 
4802 1215 6965 9479 
2890 9479 7212 7826 7896 8117 4591 
3
4222 9135 8639 3352 10185 10185 
3400 280 9479 3856 6867 6203 664 9389 6009 2880 
5 
10
5026 3553 
9389 6009 8115 1236 6982 
2130 6741 
9155 3553 3297 
2267 6084 
9535 9124 3625 
5437 
4282 5512 1852 
7497 
9854 
4
4222 5 
6982 1668 4051 9009 6030 
2744 3846 1026 
9479 6736 
4
5646 10186 3553 9385 4984 4222 5 9794 4782 5394 6009 6030 
6942 5583 9479 7138 3789 
1557 2744 2744 7655 4854 8278 5394 1421 2744 
2045 8863 7138 2744 7138 1557 
18
9479 4984 9560 8577 3601 5 
1604 1557 2744 1501 2744 7655 6697 
1257 3007 9214 4216 
9214 7386 
6096 6866 2091 7629 6731 10015 7859 9479 
9722 7738 10185 7621 3553 10185 3553 8664 10185 
354 6030 4260 10185 10185 10185 10185 10185 10185 
9479 10185 1479 
10085 1236 6741 7655 5767 2121 4797 1557 2744 
2121 4797 
9719 5866 1574 2024 1254 2744 
7123 2744 7655 6697 1557 
7862 9873 2027 652 10085 
7655 1557 2744 6222 2744 7655 10085 2027 652 9873 9479 6697 652 9873 6193 
9172 10085 2057 5443 5390 2744 7655 8439 1933 7138 9873 2744 10185 10085 3544 7212 10185 
6697 6823 2027 5460 9873 
5051 759 6867 2266 7852 354 10185 
10185 10185 9479 8421 6936 
1
9560 3601 4017 9415 8680 1668 3565 1604 2744 8075 3553 5394 2220 4094 9453 2130 
3
6982 3553 
1584 9479 3789 4716 2744 
4716 9252 2744 
6
7862 9479 7511 6939 7212 1647 
3553 5 7907 9871 7862 4591 
1548 1201 2657 
4716 2744 
5950 9479 2130 
6617 3846 
11
2194 3855 9035 1805 6741 2421 2130 4008 9747 
5866 3239 4275 9479 
1163 9124 4585 10185 3553 1400 5297 
2694 7734 465 5299 2271 3621 
2130 4008 2744 9463 4591 
5394 457 4751 2744 
4705 3423 465 2131 7512 2130 2124 7843 3846 
1193 8736 7544 4359 6949 10152 
7487 4140 6558 6731 
465 4222 9588 2880 5380 
2421 2130 
2
2194 738 4222 5010 3553 
3553 10044 10185 10185 6982 
2
4222 9479 8278 5409 9389 3789 
2194 4222 9124 
2
4222 9479 8278 5409 6867 1548 3789 7849 2194 
4222 9479 1805 9895 1826 8156 5778 4762 4106 7566 6753 937 9479 7566 937 9479 4106 4260 7648 2130 1254 2744 
5
6867 
6584 3625 
2194 9111 9191 2484 4106 2629 7948 872 
4254 6605 7378 
6867 4222 7780 2204 1847 
3
3870 4222 3553 5394 3855 9124 3625 3855 7849 9560 1408 1584 
7383 6982 5394 9479 
2744 5715 10185 4140 6678 7138 10185 
7
9479 1584 1243 
4041 4106 2130 
5585 4304 9385 7780 9479 
4222 3553 5394 3789 
3352 173 
7094 7738 9022 5 2210 
5969 
6
8075 535 4713 
7206 1215 
9124 3625 9479 
7380 2194 
7544 5631 1507 4089 
7380 2910 734 
7
4720 
9479 7402 4964 
6605 8680 1201 
3553 6982 6982 5950 9479 
5585 7497 557 2131 8699 7858 
7775 4286 1557 2744 
2130 9836 5950 9479 4843 1026 
5
7621 9510 6584 3956 429 2073 2564 10185 7761 2128 5697 4891 9602 200 9238 4017 6719 6903 7497 5153 3277 7380 2912 6030 9124 9854 5960 4222 7380 4965 3007 4011 
3743 10073 2744 10179 1026 7112 7128 
2234 6672 3886 6988 
10089 8713 9871 7112 7128 
3870 6957 4327 4254 3054 3553 10185 4179 
2
1548 6030 836 81 7206 1215 
7667 7480 9479 2708 81 
4
1548 6051 7206 1215 4719 9234 4017 4222 5449 1371 6988 6922 
4140 618 6096 4008 
7205 5403 8441 5449 1548 
81 2024 4183 7026 10185 81 1572 
7
5050 8037 1026 4008 
4227 4984 5585 4468 6639 
9479 4222 3553 3571 7655 6605 1798 
9479 7655 91 457 
4505 
9479 6697 1798 5371 1975 1434 
2130 8818 8117 9479 
6
7907 4017 5394 6584 9124 
7468 2744 8117 
1548 
4222 
1557 2744 2736 
6584 2037 
6
1584 653 1579 
6584 9124 3625 5146 2344 4984 7761 9214 6009 6982 3789 4984 5662 
2744 2130 2024 9124 4089 
2744 7152 2123 2744 7667 
9479 1475 7738 
1760 2325 7648 9479 1475 
5
1584 9479 2130 7 5394 4216 4476 7 9479 
9479 10185 7402 2731 
4008 8075 429 
9479 2130 1829 7 9479 3207 7480 9560 4968 7780 3601 5 1027 7480 9560 7480 10185 5 
5962 7780 3553 5451 8183 
7
6942 
2116 5394 9479 10065 7761 9214 
9385 1257 6030 5540 9719 6030 
1584 2194 4017 5481 4634 4782 4984 
1027 5 2923 9464 4797 8851 7138 8037 5662 9516 7323 7138 4797 2742 9650 9385 5010 7323 
8556 460 9389 6009 9477 4138 6009 1574 9462 2421 3907 9139 5330 4216 8745 7468 2130 3248 3907 6982 4235 132 1041 7138 3248 3907 9922 8234 8037 8745 7468 9389 6009 9368 
429 9622 9871 8439 3470 429 6208 5353 10185 3470 9476 6672 9479 10185 3470 429 4701 1439 8110 
5
5950 3748 7771 3423 3633 
4017 9479 10185 10185 9035 988 3633 
4008 7 4017 4089 3207 9385 4089 365 
9479 3789 6384 189 4017 7306 77 8566 10185 623 986 3601 5 
7544 3855 4017 9022 5950 5 2532 9599 
1
4841 8037 9479 6942 7849 3553 2194 9658 6152 653 2603 304 7138 
6
9479 10185 7402 
4017 535 7907 
10186 3748 2532 4017 
7849 9479 3789 
9235 2744 5715 
9516 2744 7640 6875 9385 3553 
6
7138 9479 
4222 3553 
4089 5715 4222 3553 10065 9479 5353 910 1257 3032 7066 
3886 
4222 9479 
6982 2744 6584 3625 10134 2744 
7
5050 8037 1026 4008 
4227 4984 5585 4468 6639 
9479 4222 3553 3571 7655 6605 1798 
9479 7655 91 457 
4505 
9479 6697 1798 5371 1975 1434 
2130 8818 8117 9479 
6
7907 4017 5394 6584 9124 
7468 2744 8117 
1548 
4222 
1557 2744 2736 
6584 2037 
6
1584 653 1579 
6584 9124 3625 5146 2344 4984 7761 9214 6009 6982 3789 4984 5662 
2744 2130 2024 9124 4089 
2744 7152 2123 2744 7667 
9479 1475 7738 
1760 2325 7648 9479 1475 
5
1584 9479 2130 7 5394 4216 4476 7 9479 
9479 10185 7402 2731 
4008 8075 429 
9479 2130 1829 7 9479 3207 7480 9560 4968 7780 3601 5 1027 7480 9560 7480 10185 5 
5962 7780 3553 5451 8183 
7
6942 
2116 5394 9479 10065 7761 9214 
9385 1257 6030 5540 9719 6030 
1584 2194 4017 5481 4634 4782 4984 
1027 5 2923 9464 4797 8851 7138 8037 5662 9516 7323 7138 4797 2742 9650 9385 5010 7323 
8556 460 9389 6009 9477 4138 6009 1574 9462 2421 3907 9139 5330 4216 8745 7468 2130 3248 3907 6982 4235 132 1041 7138 3248 3907 9922 8234 8037 8745 7468 9389 6009 9368 
429 9622 9871 8439 3470 429 6208 5353 10185 3470 9476 6672 9479 10185 3470 429 4701 1439 8110 
5
5950 3748 7771 3423 3633 
4017 9479 10185 10185 9035 988 3633 
4008 7 4017 4089 3207 9385 4089 365 
9479 3789 6384 189 4017 7306 77 8566 10185 623 986 3601 5 
7544 3855 4017 9022 5950 5 2532 9599 
1
4841 8037 9479 6942 7849 3553 2194 9658 6152 653 2603 304 7138 
6
9479 10185 7402 
4017 535 7907 
10186 3748 2532 4017 
7849 9479 3789 
9235 2744 5715 
9516 2744 7640 6875 9385 3553 
6
7138 9479 
4222 3553 
4089 5715 4222 3553 10065 9479 5353 910 1257 3032 7066 
3886 
4222 9479 
6982 2744 6584 3625 10134 2744 
7
5050 8037 1026 4008 
4227 4984 5585 4468 6639 
9479 4222 3553 3571 7655 6605 1798 
9479 7655 91 457 
4505 
9479 6697 1798 5371 1975 1434 
2130 8818 8117 9479 
6
7907 4017 5394 6584 9124 
7468 2744 8117 
1548 
4222 
1557 2744 2736 
6584 2037 
6
1584 653 1579 
6584 9124 3625 5146 2344 4984 7761 9214 6009 6982 3789 4984 5662 
2744 2130 2024 9124 4089 
2744 7152 2123 2744 7667 
9479 1475 7738 
1760 2325 7648 9479 1475 
5
1584 9479 2130 7 5394 4216 4476 7 9479 
9479 10185 7402 2731 
4008 8075 429 
9479 2130 1829 7 9479 3207 7480 9560 4968 7780 3601 5 1027 7480 9560 7480 10185 5 
5962 7780 3553 5451 8183 
7
6942 
2116 5394 9479 10065 7761 9214 
9385 1257 6030 5540 9719 6030 
1584 2194 4017 5481 4634 4782 4984 
1027 5 2923 9464 4797 8851 7138 8037 5662 9516 7323 7138 4797 2742 9650 9385 5010 7323 
8556 460 9389 6009 9477 4138 6009 1574 9462 2421 3907 9139 5330 4216 8745 7468 2130 3248 3907 6982 4235 132 1041 7138 3248 3907 9922 8234 8037 8745 7468 9389 6009 9368 
429 9622 9871 8439 3470 429 6208 5353 10185 3470 9476 6672 9479 10185 3470 429 4701 1439 8110 
5
5950 3748 7771 3423 3633 
4017 9479 10185 10185 9035 988 3633 
4008 7 4017 4089 3207 9385 4089 365 
9479 3789 6384 189 4017 7306 77 8566 10185 623 986 3601 5 
7544 3855 4017 9022 5950 5 2532 9599 
1
4841 8037 9479 6942 7849 3553 2194 9658 6152 653 2603 304 7138 
6
9479 10185 7402 
4017 535 7907 
10186 3748 2532 4017 
7849 9479 3789 
9235 2744 5715 
9516 2744 7640 6875 9385 3553 
6
7138 9479 
4222 3553 
4089 5715 4222 3553 10065 9479 5353 910 1257 3032 7066 
3886 
4222 9479 
6982 2744 6584 3625 10134 2744 
5
6982 3553 1270 6009 
2939 7996 3292 
9389 6164 6009 
3287 9415 3553 
843 9722 9370 
6
6585 5697 7930 
1668 9234 1548 9112 5460 
4017 5394 6982 9871 2194 2214 
7206 496 9112 5460 9210 17 9650 3743 7172 9210 9479 1202 2194 2751 2415 4207 9502 1986 
5332 1760 6030 7046 4248 3011 10147 736 81 3328 9479 
7655 1257 3189 10090 3458 3544 6267 7378 3277 1607 7996 7194 4608 4051 2939 1451 8278 4248 8776 756 5226 1236 6913 9389 7284 10124 
8
9112 4984 5935 6203 9479 
10185 4179 1574 9776 609 1304 2492 5960 7780 535 4017 535 1514 6741 
9479 9510 6223 7876 
354 3996 8844 9445 7468 9112 4260 7738 3850 4529 2331 5914 4538 6719 5038 7852 5394 6719 
3601 3068 2580 865 4017 4716 2744 9155 
5394 3195 1026 6741 734 4662 4608 4106 9479 1307 1163 6349 9479 4008 44 
5209 5033 1026 286 7802 8269 4017 3216 
8906 91 5866 9479 3107 9408 4017 5394 4984 9453 6982 598 1245 
2
4968 6867 9155 8844 9389 9719 8610 3571 3565 50 1257 2775 7380 2655 3907 
4891 7206 9901 1257 8279 7966 
3
9479 1584 3553 6030 
6741 9479 
1193 7858 2300 7283 7734 8198 
4
9155 7734 8496 4089 
9479 1236 6982 
3294 10080 
3789 7686 
8
8278 535 4222 4017 8266 988 
1548 
1653 2130 1052 5267 7640 7667 9479 
1548 6030 6605 2182 1439 4017 
4701 9871 5950 9479 8844 2191 4089 381 7380 3553 9155 
2191 3553 2024 
4089 4053 9871 5950 9479 6489 
5334 4529 7503 4222 2037 4485 8556 4017 5394 10185 2949 
8
3294 700 
2744 3846 4520 2131 429 7907 598 1257 
9389 7852 4017 4446 2116 8266 
1548 3571 3565 9214 7738 410 10185 4009 6936 7738 
609 1257 1668 6030 1584 
9479 8993 8448 4813 5153 5721 6942 7138 8253 2979 6942 5950 9479 4190 
9124 6571 2194 
7655 126 429 546 9214 3495 126 429 4254 10185 4017 
3
1548 5674 
4216 5394 6982 
4216 9479 2303 6547 4089 
2
7930 1584 2657 
5481 3922 4634 5553 4891 1257 1668 3458 5010 4008 888 2744 7655 1557 786 2744 
7
556 2016 9479 
1029 5 737 9389 7852 
7206 513 6222 356 10185 3410 4538 10185 5950 4216 5352 5950 1665 8530 3595 6942 7780 
8371 10185 2949 10185 5533 4712 513 7636 8342 9389 7852 9479 
8134 354 10185 5533 6009 
9479 6084 3789 7256 10185 9541 3789 
2131 2130 7138 8556 2266 8435 4446 4634 
6
10185 2949 10185 
1742 6203 9518 988 4017 
1548 1668 3667 
2123 2744 3846 
5481 6829 868 9479 
3875 2409 8429 
3
4008 8115 7655 5095 8115 
5197 1548 4106 
4455 2564 429 6584 2037 376 
6
7423 
1548 1201 6208 1257 
9479 5484 4420 9599 512 3207 6605 6051 
7655 2027 5460 5585 9022 7206 1760 1557 4420 1439 2498 8139 
9035 3855 4106 
1153 3553 2564 429 2564 429 9479 
2
3856 9479 4222 1933 
9712 876 9035 10185 2232 5289 3789 
4
9479 5197 4041 4106 
7206 3667 9479 4222 9719 9798 4984 6866 3565 10185 10103 
2744 5715 4222 6982 3553 2744 6753 1718 
9252 7138 329 7271 3789 
2
4222 5197 9479 4222 6867 4222 5394 7383 2194 4854 
4053 9389 6009 7383 4885 7042 
3
1584 9124 5010 7686 6505 9479 4222 6867 7473 8556 2130 7386 
2689 4701 4252 4089 3294 8701 843 2775 7380 6867 8421 3670 6982 3553 10185 7402 6264 
1760 8644 5050 
3
1548 9479 8680 1668 
4222 3553 
3553 3527 2773 8278 5 3553 1963 5394 
14
8278 354 9155 8844 7349 7149 2116 1257 6030 1584 3007 10186 4017 9479 
6866 1257 6030 6571 9479 6982 3553 
5596 6982 3553 2344 6030 
8556 2267 9479 3681 3553 5095 8278 354 10065 
7172 653 7948 2130 7640 2484 8769 4447 2695 1270 9234 4017 
2880 9853 1270 10147 3907 
4094 1236 6982 
1912 1236 6982 
2130 4455 9479 
1179 7402 10085 
3929 2130 
2880 4455 2744 9479 7599 4140 10185 7780 
7686 7862 1557 2234 9479 10185 8642 7655 3846 
3553 4179 
2
6982 9479 4008 4235 10185 7402 937 9479 937 9560 4975 
9479 10185 7402 
1
1548 5394 6867 4222 3789 
3
1584 9124 5010 7686 6505 9479 4222 6867 7473 8556 2130 7386 
2689 4701 4252 4089 3294 8701 843 2775 7380 6867 8421 3670 6982 3553 10185 7402 6264 
1760 8644 5050 
3
1548 9479 8680 1668 
4222 3553 
3553 3527 2773 8278 5 3553 1963 5394 
14
8278 354 9155 8844 7349 7149 2116 1257 6030 1584 3007 10186 4017 9479 
6866 1257 6030 6571 9479 6982 3553 
5596 6982 3553 2344 6030 
8556 2267 9479 3681 3553 5095 8278 354 10065 
7172 653 7948 2130 7640 2484 8769 4447 2695 1270 9234 4017 
2880 9853 1270 10147 3907 
4094 1236 6982 
1912 1236 6982 
2130 4455 9479 
1179 7402 10085 
3929 2130 
2880 4455 2744 9479 7599 4140 10185 7780 
7686 7862 1557 2234 9479 10185 8642 7655 3846 
3553 4179 
2
6982 9479 4008 4235 10185 7402 937 9479 937 9560 4975 
9479 10185 7402 
1
1548 5394 6867 4222 3789 
3
4222 4216 
9479 4190 5394 4216 4222 
1548 
4
1548 
10185 1215 465 7283 3553 
5134 9697 7715 3553 
9479 5 3553 5330 
12
1584 9479 
3855 2736 429 
5962 3553 
5682 2130 4008 9389 6009 
5871 9560 3007 5226 4094 
4282 6009 5682 
6009 4094 
7911 
5299 4551 
5299 4089 5722 2130 1085 7858 8842 
843 4089 7911 2130 4551 
5321 9479 9984 3553 9637 
3
4222 9479 
8926 376 6982 3553 6788 7686 
7383 7738 5226 9453 
3
3601 5 9214 7738 4462 7206 1257 
2130 7271 3452 3789 4984 6030 6982 4017 6009 2028 3907 1668 1257 5992 3907 4798 3907 2123 2744 9560 7030 
3452 7423 4446 5394 3553 6009 4446 9124 
7
9479 4446 2194 5950 9479 5927 
811 6982 2931 7780 6982 
1439 5084 9599 4713 
2564 429 7744 1085 
1557 2744 2082 9191 438 
217 811 7134 3625 6571 9647 
217 4089 3886 
5
8556 8926 876 4076 1584 3625 10185 7734 
6982 2037 
2267 
1557 3011 2744 4716 2744 7475 9479 
5250 2082 376 1557 2123 2744 8556 
2
738 756 4094 5226 4008 4051 
1548 91 4984 5674 9731 3553 10185 26 9535 9560 9510 8291 4701 3907 5866 4701 
12
7907 7211 3195 4476 
4984 4476 1236 6982 
4260 7738 9445 1236 3995 
8072 207 7761 333 4017 
4094 6982 5394 
4089 7780 6982 
2744 5715 8134 4381 2744 9479 
9360 1805 5394 6933 4181 1684 
9986 6196 1257 1668 9479 3993 7206 
1403 7738 9479 
5 1236 2303 5226 4094 8982 
9333 1153 10089 8183 6030 2130 2141 
5
6982 9479 5394 3553 4984 4008 4889 
852 10062 9333 5307 381 6223 7380 852 9816 3553 9479 2182 
4015 852 7423 
1684 8193 5553 5542 
2447 1201 
4
1548 1798 8680 
4634 10185 1684 7930 9479 
6982 8342 7349 
9333 
6
7138 9479 7858 6982 4017 5394 
4094 7738 5226 9453 9518 
7380 7206 1215 3625 200 
9731 3855 
217 595 
3553 9124 3625 1999 9479 9124 3625 6642 217 2657 5851 3625 
1
2194 8278 5409 9124 8960 3553 4222 6542 696 3748 
3
7849 9479 2194 876 4222 5394 37 9234 3553 4089 4094 4634 
6584 2912 2194 9479 
2130 7271 9479 3789 4222 7138 
3
3962 9124 9479 2267 2744 5715 
8500 4017 3284 8664 5084 3550 
4843 4984 1668 9479 
5
9479 4222 4216 5394 
10185 2949 4053 5312 
5 5962 4094 1236 6667 5950 9479 
5646 4103 1548 9191 
7761 10140 4205 
11
1584 
4222 3553 
9155 3297 1584 647 
7380 1548 6982 
1201 
2141 6942 7780 7738 9252 
3625 10089 535 
2826 3553 
8727 3625 
5 6982 6867 
2194 8556 5394 3553 2693 
13
5950 9479 3695 8926 1548 
1668 8680 
2744 5715 4222 
9124 7650 1270 
8960 4984 4222 3553 6407 4029 5182 
8791 3553 5978 5394 
6571 2194 7640 5510 
7655 4420 81 2708 2130 3743 5484 9599 
8926 9235 
4420 81 5484 8156 9479 9479 9176 5484 9599 
10185 8294 228 9747 4808 4008 9560 894 4975 377 4140 4179 
6092 2744 937 8701 4089 8002 3297 4008 
4008 7306 6500 9747 
3
7930 6584 5960 3625 7907 5394 4216 4222 2744 5715 
4216 1052 5642 
2130 9776 7738 
2
6982 4017 5394 3681 3181 7780 9445 8062 2207 1476 7477 5197 6152 4041 5302 4106 
2267 9479 3929 2037 7858 2130 
5
7407 7423 4222 
7734 
3352 6942 
4420 81 2130 8198 9479 
7716 9599 2124 937 4179 2744 7324 
7
876 9155 3297 
2024 2744 5715 4222 6368 6867 
9124 535 9389 1233 1548 200 5697 
2744 2736 2131 429 8156 9479 9479 5334 8279 429 
2744 8342 
3907 1713 2931 6867 5095 
7380 2194 
5
7894 3553 5394 
7849 4984 
617 4094 3888 
4222 2037 
7271 3789 
12
10065 5394 
8435 535 9479 202 
10065 4094 5394 
9658 876 
4381 7623 2484 
1027 3601 5 4008 4222 
8278 5409 4017 
1798 6152 
6982 5950 9479 7544 507 
7380 10185 
2412 7544 7426 
9581 8117 
4
7862 9631 1933 684 
2267 
1548 10179 6605 1548 3667 
2136 2744 376 8117 
4
684 2267 
4008 9675 
2588 9385 
4455 
3
7719 8987 5682 8960 200 8902 2344 10062 2028 1584 9124 3855 5394 
5225 9456 
3601 217 8467 447 
3
9479 3601 5950 5 3748 5394 3553 3118 
3922 3855 3748 5394 9479 6155 6030 7504 6030 
1548 7738 9462 
3
2116 7849 2194 1548 
1236 6982 6867 9252 5010 5833 5960 
9389 6009 6867 6982 6867 1574 
4
6009 10013 
2194 6152 
8198 4420 4701 9510 
4017 9124 
2
738 1043 9124 7930 6152 2024 2744 5715 3553 4885 6009 2028 3907 
3553 5394 7686 2116 6571 
6
9658 6152 
2194 3855 
6009 10013 
2024 2744 5715 
9389 5394 4216 
4885 9510 8170 
1
7744 6084 3789 7862 1836 2234 2131 429 2183 2694 10185 7734 7138 9336 9479 9794 6942 9479 3789 7744 7138 2082 5950 9479 7206 1548 2657 7907 3553 
4
3907 6982 1574 7780 
4260 9510 2024 9510 
7473 3553 4051 9497 4216 6424 
6009 10013 2047 5371 
1
7849 3789 4222 3553 1548 1548 9647 3026 5615 4264 82 8278 7931 4008 9035 3584 8279 8302 428 
21
6009 10013 
7930 
304 2116 8278 2116 7738 7378 1012 3966 9445 8211 
4008 9035 2394 6051 9516 6605 
10185 2949 5683 9234 7894 
10185 2949 653 1012 664 
7445 6982 
1270 8652 2912 
354 10185 5950 4017 9415 3107 4798 9234 9408 4017 2194 3748 
8635 4968 6152 9895 653 4222 
3565 3007 1977 
6982 9776 4984 
10147 3907 2637 9076 9722 6009 
8844 9166 8117 
4041 9035 7640 4106 
4094 8278 7172 274 756 
4094 1914 623 
9658 9155 3667 7747 7206 381 7380 10185 4089 6196 10185 843 57 
9479 6009 10042 6426 8844 381 7990 57 3667 1574 9389 6009 3886 4615 
2130 7966 1977 6030 7648 5311 1977 10185 3107 1713 8790 9366 4216 766 2931 8541 6509 4179 5982 
8278 2116 2130 6982 5437 2773 7763 8211 
1
1584 3855 5866 1557 2744 9389 5394 4216 3480 9599 8183 6741 6605 
6
3461 7930 6152 887 1674 2736 5874 9111 4041 5302 4106 
9947 1798 2657 
10186 3553 9389 6009 
7862 5950 9479 4813 3996 8844 4022 6030 6928 6030 3565 5 9510 4701 8844 9166 2024 896 9479 1548 3565 7780 
4420 81 2130 9479 6208 7512 9599 
5484 2708 6605 9462 4462 5010 
4
4222 9479 
7849 6867 
1584 376 3789 
2130 
2
3789 9389 3855 738 7930 6982 9445 2116 
9389 5394 4885 4216 6009 2028 407 5533 2931 6009 
4
9479 4222 3601 5 4008 
1548 1668 5079 8926 9527 
5950 9479 4008 734 
6675 6030 5117 4455 9479 1243 6584 
11
3400 
9479 10065 3553 
1548 9462 7738 
2436 4984 
3461 6152 
3625 9518 9871 
4720 3553 9599 
5 4798 6982 
8745 10085 
10147 7380 3527 8844 7380 
8117 1507 10147 7380 7648 9479 4089 4304 7780 
10
8278 9234 3553 5394 
9214 5481 
1668 9798 7780 
4222 9776 3681 
4094 5394 6982 2130 9479 5203 
1257 9510 3681 3996 5459 8844 5459 8541 7738 
7738 10185 1193 6030 
1257 1668 354 9834 9479 8844 1668 1548 9124 3625 
6867 9389 6009 2931 2028 354 10185 734 3553 734 2931 6009 
4885 354 10185 9389 6009 
2
8278 5394 3553 954 5010 
4455 9719 8610 9261 4984 
8
1684 10147 7780 1973 10185 26 9535 1165 3601 
7168 5010 5540 3886 4094 5226 3681 
8284 2267 3553 4159 9687 
1798 6223 2379 3875 
1475 1684 1163 
3601 217 
8039 
2484 
7
9479 5646 734 7686 
6982 5394 1052 
3553 8278 1078 1039 10185 9729 9385 229 512 8699 2131 6444 872 823 1420 
6809 6164 3681 4260 7738 4222 6867 2344 1574 8541 7477 6030 
4455 7852 6164 1236 8278 9479 10185 7708 10040 3633 3633 
10185 6719 3855 10185 9729 5172 
7862 2391 4847 2130 9234 4957 5349 381 3700 9243 3748 
5
10065 9479 
7862 496 823 1684 2267 2194 9191 7016 457 4984 4924 9479 
734 2744 5715 887 2744 4222 9124 
6965 8117 9124 9479 
9560 10169 4797 1684 9479 5371 2130 2795 9479 7378 
7
7907 10186 4222 9776 5481 3922 9235 3297 4089 
4222 4852 3886 
1085 354 10185 
354 10185 6936 
8146 8499 8146 4634 
519 7138 737 9560 4653 6780 
4876 3907 8196 2434 7789 2409 2191 381 8844 8572 7380 3907 3499 10185 843 2646 5255 3907 
8
4094 5866 4798 6982 3007 7884 6009 
6584 10185 3625 7138 3625 1408 7617 4968 
3297 9214 843 
9560 8728 9479 9560 7030 
3553 7907 2116 9510 2693 1026 9871 1684 
4222 5866 
8791 2234 
731 887 1684 8745 7723 4254 4041 4207 4106 
3
4222 9479 4222 3553 5394 
7862 4222 9479 9385 4984 
4053 9479 
3
3553 3002 5394 7996 4984 4449 7349 5307 8844 9166 
4957 7325 5525 642 5050 872 9440 
8278 354 7852 
11
3400 
9479 10065 3553 
1548 9462 7738 
2436 4984 
3461 6152 
3625 9518 9871 
4720 3553 9599 
5 4798 6982 
8745 10085 
10147 7380 3527 8844 7380 
8117 1507 10147 7380 7648 9479 4089 4304 7780 
10
8278 9234 3553 5394 
9214 5481 
1668 9798 7780 
4222 9776 3681 
4094 5394 6982 2130 9479 5203 
1257 9510 3681 3996 5459 8844 5459 8541 7738 
7738 10185 1193 6030 
1257 1668 354 9834 9479 8844 1668 1548 9124 3625 
6867 9389 6009 2931 2028 354 10185 734 3553 734 2931 6009 
4885 354 10185 9389 6009 
2
8278 5394 3553 954 5010 
4455 9719 8610 9261 4984 
8
1684 10147 7780 1973 10185 26 9535 1165 3601 
7168 5010 5540 3886 4094 5226 3681 
8284 2267 3553 4159 9687 
1798 6223 2379 3875 
1475 1684 1163 
3601 217 
8039 
2484 
7
9479 5646 734 7686 
6982 5394 1052 
3553 8278 1078 1039 10185 9729 9385 229 512 8699 2131 6444 872 823 1420 
6809 6164 3681 4260 7738 4222 6867 2344 1574 8541 7477 6030 
4455 7852 6164 1236 8278 9479 10185 7708 10040 3633 3633 
10185 6719 3855 10185 9729 5172 
7862 2391 4847 2130 9234 4957 5349 381 3700 9243 3748 
5
10065 9479 
7862 496 823 1684 2267 2194 9191 7016 457 4984 4924 9479 
734 2744 5715 887 2744 4222 9124 
6965 8117 9124 9479 
9560 10169 4797 1684 9479 5371 2130 2795 9479 7378 
7
7907 10186 4222 9776 5481 3922 9235 3297 4089 
4222 4852 3886 
1085 354 10185 
354 10185 6936 
8146 8499 8146 4634 
519 7138 737 9560 4653 6780 
4876 3907 8196 2434 7789 2409 2191 381 8844 8572 7380 3907 3499 10185 843 2646 5255 3907 
8
4094 5866 4798 6982 3007 7884 6009 
6584 10185 3625 7138 3625 1408 7617 4968 
3297 9214 843 
9560 8728 9479 9560 7030 
3553 7907 2116 9510 2693 1026 9871 1684 
4222 5866 
8791 2234 
731 887 1684 8745 7723 4254 4041 4207 4106 
3
4222 9479 4222 3553 5394 
7862 4222 9479 9385 4984 
4053 9479 
3
3553 3002 5394 7996 4984 4449 7349 5307 8844 9166 
4957 7325 5525 642 5050 872 9440 
8278 354 7852 
11
3400 
9479 10065 3553 
1548 9462 7738 
2436 4984 
3461 6152 
3625 9518 9871 
4720 3553 9599 
5 4798 6982 
8745 10085 
10147 7380 3527 8844 7380 
8117 1507 10147 7380 7648 9479 4089 4304 7780 
10
8278 9234 3553 5394 
9214 5481 
1668 9798 7780 
4222 9776 3681 
4094 5394 6982 2130 9479 5203 
1257 9510 3681 3996 5459 8844 5459 8541 7738 
7738 10185 1193 6030 
1257 1668 354 9834 9479 8844 1668 1548 9124 3625 
6867 9389 6009 2931 2028 354 10185 734 3553 734 2931 6009 
4885 354 10185 9389 6009 
2
8278 5394 3553 954 5010 
4455 9719 8610 9261 4984 
8
1684 10147 7780 1973 10185 26 9535 1165 3601 
7168 5010 5540 3886 4094 5226 3681 
8284 2267 3553 4159 9687 
1798 6223 2379 3875 
1475 1684 1163 
3601 217 
8039 
2484 
7
9479 5646 734 7686 
6982 5394 1052 
3553 8278 1078 1039 10185 9729 9385 229 512 8699 2131 6444 872 823 1420 
6809 6164 3681 4260 7738 4222 6867 2344 1574 8541 7477 6030 
4455 7852 6164 1236 8278 9479 10185 7708 10040 3633 3633 
10185 6719 3855 10185 9729 5172 
7862 2391 4847 2130 9234 4957 5349 381 3700 9243 3748 